[0.0, 0.770513242764169, -0.6374239897391532] [0.0, 0.6374239897391532, 0.770513242764169] [0.0, 0.0, 0.6283185307179586]
[0.0, 0.774503060187054, -0.632570161903661] [0.0, 0.632570161903661, 0.774503060187054] [0.0, 0.0, 0.6283185307179586]
[0.0, 0.7784623015552843, -0.6276913612813105] [0.0, 0.6276913612813105, 0.7784623015552843] [0.0, 0.0, 0.6283185307179586]
[0.0, 0.7823908105647902, -0.6227877804787965] [0.0, 0.6227877804787965, 0.7823908105647902] [0.0, 0.0, 0.6283185307179586]
[0.0, 0.7862884321247627, -0.6178596130810926] [0.0, 0.6178596130810926, 0.7862884321247627] [0.0, 0.0, 0.6283185307179586]
[0.0, 0.7901550123637764, -0.6129070536438095] [0.0, 0.6129070536438095, 0.7901550123637764] [0.0, 0.0, 0.6283185307179586]
[0.0, 0.7939903986358641, -0.6079302976855134] [0.0, 0.6079302976855134, 0.7939903986358641] [0.0, 0.0, 0.6283185307179586]
[0.0, 0.7977944395265428, -0.6029295416800082] [0.0, 0.6029295416800082, 0.7977944395265428] [0.0, 0.0, 0.6283185307179586]
[0.0, 0.801566984858792, -0.5979049830485782] [0.0, 0.5979049830485782, 0.801566984858792] [0.0, 0.0, 0.6283185307179586]
[0.0, 0.8053078856989814, -0.5928568201521947] [0.0, 0.5928568201521947, 0.8053078856989814] [0.0, 0.0, 0.6283185307179586]
[0.0, 0.8090169943627513, -0.587785252283685] [0.0, 0.587785252283685, 0.8090169943627513] [0.0, 0.0, 0.6283185307179586]
[0.0, 0.8126941644208429, -0.5826904796598646] [0.0, 0.5826904796598646, 0.8126941644208429] [0.0, 0.0, 0.6283185307179586]
[0.0, 0.8163392507048783, -0.5775727034136333] [0.0, 0.5775727034136333, 0.8163392507048783] [0.0, 0.0, 0.6283185307179586]
[0.0, 0.8199521093130927, -0.5724321255860341] [0.0, 0.5724321255860341, 0.8199521093130927] [0.0, 0.0, 0.6283185307179586]
[0.0, 0.8235325976160143, -0.5672689491182775] [0.0, 0.5672689491182775, 0.8235325976160143] [0.0, 0.0, 0.6283185307179586]
[0.0, 0.8270805742620956, -0.5620833778437297] [0.0, 0.5620833778437297, 0.8270805742620956] [0.0, 0.0, 0.6283185307179586]
[0.0, 0.8305958991832938, -0.5568756164798656] [0.0, 0.5568756164798656, 0.8305958991832938] [0.0, 0.0, 0.6283185307179586]
[0.0, 0.8340784336006003, -0.5516458706201867] [0.0, 0.5516458706201867, 0.8340784336006003] [0.0, 0.0, 0.6283185307179586]
[0.0, 0.8375280400295193, -0.5463943467261047] [0.0, 0.5463943467261047, 0.8375280400295193] [0.0, 0.0, 0.6283185307179586]
[0.0, 0.8409445822854956, -0.5411212521187908] [0.0, 0.5411212521187908, 0.8409445822854956] [0.0, 0.0, 0.6283185307179586]
[0.0, 0.844327925489291, -0.5358267949709914] [0.0, 0.5358267949709914, 0.844327925489291] [0.0, 0.0, 0.6283185307179586]
[0.0, 0.8476779360723091, -0.530511184298809] [0.0, 0.530511184298809, 0.8476779360723091] [0.0, 0.0, 0.6283185307179586]
[0.0, 0.8509944817818682, -0.525174629953451] [0.0, 0.525174629953451, 0.8509944817818682] [0.0, 0.0, 0.6283185307179586]
[0.0, 0.8542774316864225, -0.5198173426129454] [0.0, 0.5198173426129454, 0.8542774316864225] [0.0, 0.0, 0.6283185307179586]
[0.0, 0.857526656180731, -0.5144395337738235] [0.0, 0.5144395337738235, 0.857526656180731] [0.0, 0.0, 0.6283185307179586]
[0.0, 0.8607420269909744, -0.5090414157427697] [0.0, 0.5090414157427697, 0.8607420269909744] [0.0, 0.0, 0.6283185307179586]
[0.0, 0.8639234171798186, -0.5036232016282409] [0.0, 0.5036232016282409, 0.8639234171798186] [0.0, 0.0, 0.6283185307179586]
[0.0, 0.8670707011514264, -0.49818510533205285] [0.0, 0.49818510533205285, 0.8670707011514264] [0.0, 0.0, 0.6283185307179586]
[0.0, 0.8701837546564155, -0.4927273415409358] [0.0, 0.4927273415409358, 0.8701837546564155] [0.0, 0.0, 0.6283185307179586]
[0.0, 0.8732624547967641, -0.48725012571805904] [0.0, 0.48725012571805904, 0.8732624547967641] [0.0, 0.0, 0.6283185307179586]
[0.0, 0.8763066800306621, -0.4817536740945248] [0.0, 0.4817536740945248, 0.8763066800306621] [0.0, 0.0, 0.6283185307179586]
[0.0, 0.8793163101773099, -0.4762382036608317] [0.0, 0.4762382036608317, 0.8793163101773099] [0.0, 0.0, 0.6283185307179586]
[0.0, 0.8822912264216626, -0.4707039321583085] [0.0, 0.4707039321583085, 0.8822912264216626] [0.0, 0.0, 0.6283185307179586]
[0.0, 0.8852313113191207, -0.4651510780705179] [0.0, 0.4651510780705179, 0.8852313113191207] [0.0, 0.0, 0.6283185307179586]
[0.0, 0.8881364488001666, -0.45957986061463135] [0.0, 0.45957986061463135, 0.8881364488001666] [0.0, 0.0, 0.6283185307179586]
[0.0, 0.8910065241749471, -0.4539904997327745] [0.0, 0.4539904997327745, 0.8910065241749471] [0.0, 0.0, 0.6283185307179586]
[0.0, 0.8938414241378007, -0.4483832160833444] [0.0, 0.4483832160833444, 0.8938414241378007] [0.0, 0.0, 0.6283185307179586]
[0.0, 0.896641036771731, -0.4427582310322984] [0.0, 0.4427582310322984, 0.896641036771731] [0.0, 0.0, 0.6283185307179586]
[0.0, 0.8994052515528249, -0.43711576664441476] [0.0, 0.43711576664441476, 0.8994052515528249] [0.0, 0.0, 0.6283185307179586]
[0.0, 0.902133959354616, -0.4314560456745261] [0.0, 0.4314560456745261, 0.902133959354616] [0.0, 0.0, 0.6283185307179586]
[0.0, 0.9048270524523926, -0.4257792915587253] [0.0, 0.4257792915587253, 0.9048270524523926] [0.0, 0.0, 0.6283185307179586]
[0.0, 0.9074844245274504, -0.4200857284055446] [0.0, 0.4200857284055446, 0.9074844245274504] [0.0, 0.0, 0.6283185307179586]
[0.0, 0.9101059706712901, -0.4143755809871084] [0.0, 0.4143755809871084, 0.9101059706712901] [0.0, 0.0, 0.6283185307179586]
[0.0, 0.9126915873897586, -0.4086490747302595] [0.0, 0.4086490747302595, 0.9126915873897586] [0.0, 0.0, 0.6283185307179586]
[0.0, 0.9152411726071353, -0.4029064357076596] [0.0, 0.4029064357076596, 0.9152411726071353] [0.0, 0.0, 0.6283185307179586]
[0.0, 0.9177546256701614, -0.3971478906288643] [0.0, 0.3971478906288643, 0.9177546256701614] [0.0, 0.0, 0.6283185307179586]
[0.0, 0.9202318473520137, -0.39137366683137303] [0.0, 0.39137366683137303, 0.9202318473520137] [0.0, 0.0, 0.6283185307179586]
[0.0, 0.9226727398562218, -0.38558399227165435] [0.0, 0.38558399227165435, 0.9226727398562218] [0.0, 0.0, 0.6283185307179586]
[0.0, 0.9250772068205292, -0.37977909551614636] [0.0, 0.37977909551614636, 0.9250772068205292] [0.0, 0.0, 0.6283185307179586]
[0.0, 0.9274451533206971, -0.3739592057322333] [0.0, 0.3739592057322333, 0.9274451533206971] [0.0, 0.0, 0.6283185307179586]
[0.0, 0.9297764858742525, -0.36812455267919864] [0.0, 0.36812455267919864, 0.9297764858742525] [0.0, 0.0, 0.6283185307179586]
[0.0, 0.932071112444178, -0.36227536669915444] [0.0, 0.36227536669915444, 0.932071112444178] [0.0, 0.0, 0.6283185307179586]
[0.0, 0.9343289424425454, -0.35641187870794777] [0.0, 0.35641187870794777, 0.9343289424425454] [0.0, 0.0, 0.6283185307179586]
[0.0, 0.9365498867340927, -0.3505343201860446] [0.0, 0.3505343201860446, 0.9365498867340927] [0.0, 0.0, 0.6283185307179586]
[0.0, 0.9387338576397419, -0.3446429231693913] [0.0, 0.3446429231693913, 0.9387338576397419] [0.0, 0.0, 0.6283185307179586]
[0.0, 0.9408807689400613, -0.3387379202402545] [0.0, 0.3387379202402545, 0.9408807689400613] [0.0, 0.0, 0.6283185307179586]
[0.0, 0.942990535878669, -0.33281954451803886] [0.0, 0.33281954451803886, 0.942990535878669] [0.0, 0.0, 0.6283185307179586]
[0.0, 0.9450630751655786, -0.326888029650084] [0.0, 0.326888029650084, 0.9450630751655786] [0.0, 0.0, 0.6283185307179586]
[0.0, 0.9470983049804879, -0.3209436098024405] [0.0, 0.3209436098024405, 0.9470983049804879] [0.0, 0.0, 0.6283185307179586]
[0.0, 0.9490961449760085, -0.3149865196506255] [0.0, 0.3149865196506255, 0.9490961449760085] [0.0, 0.0, 0.6283185307179586]
[0.0, 0.9510565162808383, -0.309016994370358] [0.0, 0.309016994370358, 0.9510565162808383] [0.0, 0.0, 0.6283185307179586]
[0.0, 0.952979341502875, -0.3030352696282746] [0.0, 0.3030352696282746, 0.952979341502875] [0.0, 0.0, 0.6283185307179586]
[0.0, 0.9548645447322711, -0.2970415815726257] [0.0, 0.2970415815726257, 0.9548645447322711] [0.0, 0.0, 0.6283185307179586]
[0.0, 0.9567120515444312, -0.29103616682395306] [0.0, 0.29103616682395306, 0.9567120515444312] [0.0, 0.0, 0.6283185307179586]
[0.0, 0.9585217890029497, -0.28501926246574794] [0.0, 0.28501926246574794, 0.9585217890029497] [0.0, 0.0, 0.6283185307179586]
[0.0, 0.9602936856624906, -0.27899110603509175] [0.0, 0.27899110603509175, 0.9602936856624906] [0.0, 0.0, 0.6283185307179586]
[0.0, 0.9620276715716077, -0.2729519355132786] [0.0, 0.2729519355132786, 0.9620276715716077] [0.0, 0.0, 0.6283185307179586]
[0.0, 0.9637236782755063, -0.26690198931642] [0.0, 0.26690198931642, 0.9637236782755063] [0.0, 0.0, 0.6283185307179586]
[0.0, 0.965381638818746, -0.2608415062860326] [0.0, 0.2608415062860326, 0.965381638818746] [0.0, 0.0, 0.6283185307179586]
[0.0, 0.9670014877478832, -0.2547707256796092] [0.0, 0.2547707256796092, 0.9670014877478832] [0.0, 0.0, 0.6283185307179586]
[0.0, 0.9685831611140558, -0.2486898871611733] [0.0, 0.2486898871611733, 0.9685831611140558] [0.0, 0.0, 0.6283185307179586]
[0.0, 0.9701265964755077, -0.24259923079181758] [0.0, 0.24259923079181758, 0.9701265964755077] [0.0, 0.0, 0.6283185307179586]
[0.0, 0.9716317329000534, -0.23649899702022664] [0.0, 0.23649899702022664, 0.9716317329000534] [0.0, 0.0, 0.6283185307179586]
[0.0, 0.9730985109674845, -0.2303894266731845] [0.0, 0.2303894266731845, 0.9730985109674845] [0.0, 0.0, 0.6283185307179586]
[0.0, 0.974526872771914, -0.22427076094606715] [0.0, 0.22427076094606715, 0.974526872771914] [0.0, 0.0, 0.6283185307179586]
[0.0, 0.9759167619240637, -0.21814324139332072] [0.0, 0.21814324139332072, 0.9759167619240637] [0.0, 0.0, 0.6283185307179586]
[0.0, 0.9772681235534898, -0.21200710991892513] [0.0, 0.21200710991892513, 0.9772681235534898] [0.0, 0.0, 0.6283185307179586]
[0.0, 0.9785809043107491, -0.20586260876684426] [0.0, 0.20586260876684426, 0.9785809043107491] [0.0, 0.0, 0.6283185307179586]
[0.0, 0.979855052369505, -0.1997099805114625] [0.0, 0.1997099805114625, 0.979855052369505] [0.0, 0.0, 0.6283185307179586]
[0.0, 0.981090517428574, -0.1935494680480084] [0.0, 0.1935494680480084, 0.981090517428574] [0.0, 0.0, 0.6283185307179586]
[0.0, 0.982287250713911, -0.18738131458296556] [0.0, 0.18738131458296556, 0.982287250713911] [0.0, 0.0, 0.6283185307179586]
[0.0, 0.9834452049805349, -0.1812057636244712] [0.0, 0.1812057636244712, 0.9834452049805349] [0.0, 0.0, 0.6283185307179586]
[0.0, 0.9845643345143942, -0.1750230589727029] [0.0, 0.1750230589727029, 0.9845643345143942] [0.0, 0.0, 0.6283185307179586]
[0.0, 0.9856445951341709, -0.16883344471025383] [0.0, 0.16883344471025383, 0.9856445951341709] [0.0, 0.0, 0.6283185307179586]
[0.0, 0.9866859441930257, -0.16263716519249677] [0.0, 0.16263716519249677, 0.9866859441930257] [0.0, 0.0, 0.6283185307179586]
[0.0, 0.9876883405802807, -0.15643446503793731] [0.0, 0.15643446503793731, 0.9876883405802807] [0.0, 0.0, 0.6283185307179586]
[0.0, 0.9886517447230428, -0.1502255891185569] [0.0, 0.1502255891185569, 0.9886517447230428] [0.0, 0.0, 0.6283185307179586]
[0.0, 0.9895761185877662, -0.1440107825501455] [0.0, 0.1440107825501455, 0.9895761185877662] [0.0, 0.0, 0.6283185307179586]
[0.0, 0.9904614256817534, -0.13779029068262497] [0.0, 0.13779029068262497, 0.9904614256817534] [0.0, 0.0, 0.6283185307179586]
[0.0, 0.9913076310545964, -0.13156435909036304] [0.0, 0.13156435909036304, 0.9913076310545964] [0.0, 0.0, 0.6283185307179586]
[0.0, 0.9921147012995559, -0.1253332335624785] [0.0, 0.1253332335624785, 0.9921147012995559] [0.0, 0.0, 0.6283185307179586]
[0.0, 0.9928826045548805, -0.11909716009313778] [0.0, 0.11909716009313778, 0.9928826045548805] [0.0, 0.0, 0.6283185307179586]
[0.0, 0.9936113105050647, -0.1128563848718436] [0.0, 0.1128563848718436, 0.9936113105050647] [0.0, 0.0, 0.6283185307179586]
[0.0, 0.9943007903820452, -0.10661115427371576] [0.0, 0.10661115427371576, 0.9943007903820452] [0.0, 0.0, 0.6283185307179586]
[0.0, 0.994951016966337, -0.10036171484976472] [0.0, 0.10036171484976472, 0.994951016966337] [0.0, 0.0, 0.6283185307179586]
[0.0, 0.9955619645881081, -0.09410831331715819] [0.0, 0.09410831331715819, 0.9955619645881081] [0.0, 0.0, 0.6283185307179586]
[0.0, 0.9961336091281924, -0.08785119654948113] [0.0, 0.08785119654948113, 0.9961336091281924] [0.0, 0.0, 0.6283185307179586]
[0.0, 0.9966659280190422, -0.08159061156698966] [0.0, 0.08159061156698966, 0.9966659280190422] [0.0, 0.0, 0.6283185307179586]
[0.0, 0.9971589002456193, -0.07532680552685901] [0.0, 0.07532680552685901, 0.9971589002456193] [0.0, 0.0, 0.6283185307179586]
[0.0, 0.9976125063462241, -0.06906002571342633] [0.0, 0.06906002571342633, 0.9976125063462241] [0.0, 0.0, 0.6283185307179586]
[0.0, 0.9980267284132646, -0.06279051952842818] [0.0, 0.06279051952842818, 0.9980267284132646] [0.0, 0.0, 0.6283185307179586]
[0.0, 0.9984015500939628, -0.05651853448123363] [0.0, 0.05651853448123363, 0.9984015500939628] [0.0, 0.0, 0.6283185307179586]
[0.0, 0.9987369565910006, -0.050244318179073] [0.0, 0.050244318179073, 0.9987369565910006] [0.0, 0.0, 0.6283185307179586]
[0.0, 0.9990329346631037, -0.04396811831726272] [0.0, 0.04396811831726272, 0.9990329346631037] [0.0, 0.0, 0.6283185307179586]
[0.0, 0.9992894726255647, -0.03769018266942674] [0.0, 0.03769018266942674, 0.9992894726255647] [0.0, 0.0, 0.6283185307179586]
[0.0, 0.9995065603507041, -0.03141075907771491] [0.0, 0.03141075907771491, 0.9995065603507041] [0.0, 0.0, 0.6283185307179586]
[0.0, 0.9996841892682702, -0.025130095443018516] [0.0, 0.025130095443018516, 0.9996841892682702] [0.0, 0.0, 0.6283185307179586]
[0.0, 0.9998223523657774, -0.018848439715183653] [0.0, 0.018848439715183653, 0.9998223523657774] [0.0, 0.0, 0.6283185307179586]
[0.0, 0.9999210441887835, -0.012566039883222534] [0.0, 0.012566039883222534, 0.9999210441887835] [0.0, 0.0, 0.6283185307179586]
[0.0, 0.9999802608411039, -0.006283143965523333] [0.0, 0.006283143965523333, 0.9999802608411039] [0.0, 0.0, 0.6283185307179586]
[0.0, 0.9999999999849668, -5.883835085818134E-14] [0.0, 5.883835085818134E-14, 0.9999999999849668] [0.0, 0.0, 0.6283185307179586]
[0.0, 0.9999802608411046, 0.006283143965405658] [0.0, -0.006283143965405658, 0.9999802608411046] [0.0, 0.0, 0.6283185307179586]
[0.0, 0.9999210441887848, 0.012566039883104865] [0.0, -0.012566039883104865, 0.9999210441887848] [0.0, 0.0, 0.6283185307179586]
[0.0, 0.9998223523657795, 0.018848439715065994] [0.0, -0.018848439715065994, 0.9998223523657795] [0.0, 0.0, 0.6283185307179586]
[0.0, 0.999684189268273, 0.02513009544290087] [0.0, -0.02513009544290087, 0.999684189268273] [0.0, 0.0, 0.6283185307179586]
[0.0, 0.9995065603507075, 0.03141075907759728] [0.0, -0.03141075907759728, 0.9995065603507075] [0.0, 0.0, 0.6283185307179586]
[0.0, 0.9992894726255688, 0.03769018266930914] [0.0, -0.03769018266930914, 0.9992894726255688] [0.0, 0.0, 0.6283185307179586]
[0.0, 0.9990329346631085, 0.04396811831714514] [0.0, -0.04396811831714514, 0.9990329346631085] [0.0, 0.0, 0.6283185307179586]
[0.0, 0.998736956591006, 0.05024431817895545] [0.0, -0.05024431817895545, 0.998736956591006] [0.0, 0.0, 0.6283185307179586]
[0.0, 0.9984015500939689, 0.056518534481116114] [0.0, -0.056518534481116114, 0.9984015500939689] [0.0, 0.0, 0.6283185307179586]
[0.0, 0.9980267284132714, 0.0627905195283107] [0.0, -0.0627905195283107, 0.9980267284132714] [0.0, 0.0, 0.6283185307179586]
[0.0, 0.9976125063462318, 0.0690600257133089] [0.0, -0.0690600257133089, 0.9976125063462318] [0.0, 0.0, 0.6283185307179586]
[0.0, 0.9971589002456277, 0.07532680552674163] [0.0, -0.07532680552674163, 0.9971589002456277] [0.0, 0.0, 0.6283185307179586]
[0.0, 0.9966659280190515, 0.08159061156687232] [0.0, -0.08159061156687232, 0.9966659280190515] [0.0, 0.0, 0.6283185307179586]
[0.0, 0.9961336091282025, 0.08785119654936385] [0.0, -0.08785119654936385, 0.9961336091282025] [0.0, 0.0, 0.6283185307179586]
[0.0, 0.9955619645881191, 0.09410831331704096] [0.0, -0.09410831331704096, 0.9955619645881191] [0.0, 0.0, 0.6283185307179586]
[0.0, 0.9949510169663488, 0.10036171484964757] [0.0, -0.10036171484964757, 0.9949510169663488] [0.0, 0.0, 0.6283185307179586]
[0.0, 0.9943007903820577, 0.10661115427359867] [0.0, -0.10661115427359867, 0.9943007903820577] [0.0, 0.0, 0.6283185307179586]
[0.0, 0.9936113105050779, 0.1128563848717266] [0.0, -0.1128563848717266, 0.9936113105050779] [0.0, 0.0, 0.6283185307179586]
[0.0, 0.9928826045548945, 0.11909716009302086] [0.0, -0.11909716009302086, 0.9928826045548945] [0.0, 0.0, 0.6283185307179586]
[0.0, 0.9921147012995706, 0.12533323356236167] [0.0, -0.12533323356236167, 0.9921147012995706] [0.0, 0.0, 0.6283185307179586]
[0.0, 0.9913076310546117, 0.1315643590902463] [0.0, -0.1315643590902463, 0.9913076310546117] [0.0, 0.0, 0.6283185307179586]
[0.0, 0.9904614256817695, 0.13779029068250834] [0.0, -0.13779029068250834, 0.9904614256817695] [0.0, 0.0, 0.6283185307179586]
[0.0, 0.9895761185877829, 0.14401078255002897] [0.0, -0.14401078255002897, 0.9895761185877829] [0.0, 0.0, 0.6283185307179586]
[0.0, 0.9886517447230602, 0.1502255891184405] [0.0, -0.1502255891184405, 0.9886517447230602] [0.0, 0.0, 0.6283185307179586]
[0.0, 0.9876883405802986, 0.15643446503782105] [0.0, -0.15643446503782105, 0.9876883405802986] [0.0, 0.0, 0.6283185307179586]
[0.0, 0.9866859441930445, 0.16263716519238058] [0.0, -0.16263716519238058, 0.9866859441930445] [0.0, 0.0, 0.6283185307179586]
[0.0, 0.9856445951341904, 0.16883344471013775] [0.0, -0.16883344471013775, 0.9856445951341904] [0.0, 0.0, 0.6283185307179586]
[0.0, 0.9845643345144144, 0.17502305897258694] [0.0, -0.17502305897258694, 0.9845643345144144] [0.0, 0.0, 0.6283185307179586]
[0.0, 0.9834452049805559, 0.18120576362435536] [0.0, -0.18120576362435536, 0.9834452049805559] [0.0, 0.0, 0.6283185307179586]
[0.0, 0.9822872507139326, 0.18738131458284987] [0.0, -0.18738131458284987, 0.9822872507139326] [0.0, 0.0, 0.6283185307179586]
[0.0, 0.9810905174285963, 0.19354946804789286] [0.0, -0.19354946804789286, 0.9810905174285963] [0.0, 0.0, 0.6283185307179586]
[0.0, 0.9798550523695281, 0.19970998051134706] [0.0, -0.19970998051134706, 0.9798550523695281] [0.0, 0.0, 0.6283185307179586]
[0.0, 0.9785809043107728, 0.20586260876672893] [0.0, -0.20586260876672893, 0.9785809043107728] [0.0, 0.0, 0.6283185307179586]
[0.0, 0.9772681235535142, 0.21200710991880994] [0.0, -0.21200710991880994, 0.9772681235535142] [0.0, 0.0, 0.6283185307179586]
[0.0, 0.9759167619240888, 0.21814324139320568] [0.0, -0.21814324139320568, 0.9759167619240888] [0.0, 0.0, 0.6283185307179586]
[0.0, 0.9745268727719398, 0.22427076094595227] [0.0, -0.22427076094595227, 0.9745268727719398] [0.0, 0.0, 0.6283185307179586]
[0.0, 0.9730985109675111, 0.23038942667306977] [0.0, -0.23038942667306977, 0.9730985109675111] [0.0, 0.0, 0.6283185307179586]
[0.0, 0.9716317329000809, 0.23649899702011212] [0.0, -0.23649899702011212, 0.9716317329000809] [0.0, 0.0, 0.6283185307179586]
[0.0, 0.9701265964755358, 0.24259923079170326] [0.0, -0.24259923079170326, 0.9701265964755358] [0.0, 0.0, 0.6283185307179586]
[0.0, 0.9685831611140846, 0.24868988716105914] [0.0, -0.24868988716105914, 0.9685831611140846] [0.0, 0.0, 0.6283185307179586]
[0.0, 0.9670014877479126, 0.25477072567949516] [0.0, -0.25477072567949516, 0.9670014877479126] [0.0, 0.0, 0.6283185307179586]
[0.0, 0.9653816388187761, 0.26084150628591873] [0.0, -0.26084150628591873, 0.9653816388187761] [0.0, 0.0, 0.6283185307179586]
[0.0, 0.9637236782755373, 0.2669019893163063] [0.0, -0.2669019893163063, 0.9637236782755373] [0.0, 0.0, 0.6283185307179586]
[0.0, 0.9620276715716394, 0.27295193551316516] [0.0, -0.27295193551316516, 0.9620276715716394] [0.0, 0.0, 0.6283185307179586]
[0.0, 0.9602936856625229, 0.2789911060349785] [0.0, -0.2789911060349785, 0.9602936856625229] [0.0, 0.0, 0.6283185307179586]
[0.0, 0.9585217890029827, 0.28501926246563486] [0.0, -0.28501926246563486, 0.9585217890029827] [0.0, 0.0, 0.6283185307179586]
[0.0, 0.9567120515444648, 0.2910361668238402] [0.0, -0.2910361668238402, 0.9567120515444648] [0.0, 0.0, 0.6283185307179586]
[0.0, 0.9548645447323054, 0.2970415815725131] [0.0, -0.2970415815725131, 0.9548645447323054] [0.0, 0.0, 0.6283185307179586]
[0.0, 0.9529793415029099, 0.30303526962816213] [0.0, -0.30303526962816213, 0.9529793415029099] [0.0, 0.0, 0.6283185307179586]
[0.0, 0.9510565162808738, 0.30901699437024577] [0.0, -0.30901699437024577, 0.9510565162808738] [0.0, 0.0, 0.6283185307179586]
[0.0, 0.9490961449760447, 0.31498651965051355] [0.0, -0.31498651965051355, 0.9490961449760447] [0.0, 0.0, 0.6283185307179586]
[0.0, 0.9470983049805247, 0.3209436098023288] [0.0, -0.3209436098023288, 0.9470983049805247] [0.0, 0.0, 0.6283185307179586]
[0.0, 0.9450630751656162, 0.3268880296499725] [0.0, -0.3268880296499725, 0.9450630751656162] [0.0, 0.0, 0.6283185307179586]
[0.0, 0.9429905358787073, 0.3328195445179276] [0.0, -0.3328195445179276, 0.9429905358787073] [0.0, 0.0, 0.6283185307179586]
[0.0, 0.9408807689401004, 0.33873792024014354] [0.0, -0.33873792024014354, 0.9408807689401004] [0.0, 0.0, 0.6283185307179586]
[0.0, 0.9387338576397817, 0.3446429231692806] [0.0, -0.3446429231692806, 0.9387338576397817] [0.0, 0.0, 0.6283185307179586]
[0.0, 0.9365498867341331, 0.35053432018593406] [0.0, -0.35053432018593406, 0.9365498867341331] [0.0, 0.0, 0.6283185307179586]
[0.0, 0.9343289424425865, 0.3564118787078375] [0.0, -0.3564118787078375, 0.9343289424425865] [0.0, 0.0, 0.6283185307179586]
[0.0, 0.9320711124442197, 0.36227536669904453] [0.0, -0.36227536669904453, 0.9320711124442197] [0.0, 0.0, 0.6283185307179586]
[0.0, 0.929776485874295, 0.368124552679089] [0.0, -0.368124552679089, 0.929776485874295] [0.0, 0.0, 0.6283185307179586]
[0.0, 0.9274451533207403, 0.3739592057321239] [0.0, -0.3739592057321239, 0.9274451533207403] [0.0, 0.0, 0.6283185307179586]
[0.0, 0.925077206820573, 0.37977909551603717] [0.0, -0.37977909551603717, 0.925077206820573] [0.0, 0.0, 0.6283185307179586]
[0.0, 0.9226727398562663, 0.3855839922715455] [0.0, -0.3855839922715455, 0.9226727398562663] [0.0, 0.0, 0.6283185307179586]
[0.0, 0.9202318473520588, 0.3913736668312645] [0.0, -0.3913736668312645, 0.9202318473520588] [0.0, 0.0, 0.6283185307179586]
[0.0, 0.9177546256702072, 0.39714789062875605] [0.0, -0.39714789062875605, 0.9177546256702072] [0.0, 0.0, 0.6283185307179586]
[0.0, 0.9152411726071816, 0.4029064357075517] [0.0, -0.4029064357075517, 0.9152411726071816] [0.0, 0.0, 0.6283185307179586]
[0.0, 0.9126915873898055, 0.4086490747301519] [0.0, -0.4086490747301519, 0.9126915873898055] [0.0, 0.0, 0.6283185307179586]
[0.0, 0.9101059706713376, 0.414375580987001] [0.0, -0.414375580987001, 0.9101059706713376] [0.0, 0.0, 0.6283185307179586]
[0.0, 0.9074844245274986, 0.4200857284054374] [0.0, -0.4200857284054374, 0.9074844245274986] [0.0, 0.0, 0.6283185307179586]
[0.0, 0.9048270524524414, 0.4257792915586183] [0.0, -0.4257792915586183, 0.9048270524524414] [0.0, 0.0, 0.6283185307179586]
[0.0, 0.9021339593546656, 0.4314560456744195] [0.0, -0.4314560456744195, 0.9021339593546656] [0.0, 0.0, 0.6283185307179586]
[0.0, 0.8994052515528751, 0.43711576664430846] [0.0, -0.43711576664430846, 0.8994052515528751] [0.0, 0.0, 0.6283185307179586]
[0.0, 0.8966410367717819, 0.4427582310321924] [0.0, -0.4427582310321924, 0.8966410367717819] [0.0, 0.0, 0.6283185307179586]
[0.0, 0.8938414241378522, 0.4483832160832388] [0.0, -0.4483832160832388, 0.8938414241378522] [0.0, 0.0, 0.6283185307179586]
[0.0, 0.8910065241749991, 0.4539904997326692] [0.0, -0.4539904997326692, 0.8910065241749991] [0.0, 0.0, 0.6283185307179586]
[0.0, 0.8881364488002192, 0.4595798606145264] [0.0, -0.4595798606145264, 0.8881364488002192] [0.0, 0.0, 0.6283185307179586]
[0.0, 0.8852313113191739, 0.4651510780704133] [0.0, -0.4651510780704133, 0.8852313113191739] [0.0, 0.0, 0.6283185307179586]
[0.0, 0.8822912264217164, 0.47070393215820416] [0.0, -0.47070393215820416, 0.8822912264217164] [0.0, 0.0, 0.6283185307179586]
[0.0, 0.8793163101773644, 0.47623820366072767] [0.0, -0.47623820366072767, 0.8793163101773644] [0.0, 0.0, 0.6283185307179586]
[0.0, 0.8763066800307173, 0.4817536740944211] [0.0, -0.4817536740944211, 0.8763066800307173] [0.0, 0.0, 0.6283185307179586]
[0.0, 0.87326245479682, 0.4872501257179557] [0.0, -0.4872501257179557, 0.87326245479682] [0.0, 0.0, 0.6283185307179586]
[0.0, 0.8701837546564721, 0.49272734154083275] [0.0, -0.49272734154083275, 0.8701837546564721] [0.0, 0.0, 0.6283185307179586]
[0.0, 0.8670707011514837, 0.49818510533195015] [0.0, -0.49818510533195015, 0.8670707011514837] [0.0, 0.0, 0.6283185307179586]
[0.0, 0.8639234171798766, 0.5036232016281386] [0.0, -0.5036232016281386, 0.8639234171798766] [0.0, 0.0, 0.6283185307179586]
[0.0, 0.8607420269910331, 0.5090414157426677] [0.0, -0.5090414157426677, 0.8607420269910331] [0.0, 0.0, 0.6283185307179586]
[0.0, 0.8575266561807904, 0.5144395337737219] [0.0, -0.5144395337737219, 0.8575266561807904] [0.0, 0.0, 0.6283185307179586]
[0.0, 0.8542774316864825, 0.5198173426128443] [0.0, -0.5198173426128443, 0.8542774316864825] [0.0, 0.0, 0.6283185307179586]
[0.0, 0.8509944817819288, 0.5251746299533502] [0.0, -0.5251746299533502, 0.8509944817819288] [0.0, 0.0, 0.6283185307179586]
[0.0, 0.8476779360723704, 0.5305111842987085] [0.0, -0.5305111842987085, 0.8476779360723704] [0.0, 0.0, 0.6283185307179586]
[0.0, 0.844327925489353, 0.5358267949708913] [0.0, -0.5358267949708913, 0.844327925489353] [0.0, 0.0, 0.6283185307179586]
[0.0, 0.8409445822855581, 0.5411212521186911] [0.0, -0.5411212521186911, 0.8409445822855581] [0.0, 0.0, 0.6283185307179586]
[0.0, 0.8375280400295824, 0.5463943467260053] [0.0, -0.5463943467260053, 0.8375280400295824] [0.0, 0.0, 0.6283185307179586]
[0.0, 0.834078433600664, 0.5516458706200876] [0.0, -0.5516458706200876, 0.834078433600664] [0.0, 0.0, 0.6283185307179586]
[0.0, 0.8305958991833582, 0.5568756164797669] [0.0, -0.5568756164797669, 0.8305958991833582] [0.0, 0.0, 0.6283185307179586]
[0.0, 0.8270805742621605, 0.5620833778436314] [0.0, -0.5620833778436314, 0.8270805742621605] [0.0, 0.0, 0.6283185307179586]
[0.0, 0.8235325976160798, 0.5672689491181795] [0.0, -0.5672689491181795, 0.8235325976160798] [0.0, 0.0, 0.6283185307179586]
[0.0, 0.8199521093131588, 0.5724321255859365] [0.0, -0.5724321255859365, 0.8199521093131588] [0.0, 0.0, 0.6283185307179586]
[0.0, 0.816339250704945, 0.5775727034135361] [0.0, -0.5775727034135361, 0.816339250704945] [0.0, 0.0, 0.6283185307179586]
[0.0, 0.81269416442091, 0.5826904796597678] [0.0, -0.5826904796597678, 0.81269416442091] [0.0, 0.0, 0.6283185307179586]
[0.0, 0.809016994362819, 0.5877852522835885] [0.0, -0.5877852522835885, 0.809016994362819] [0.0, 0.0, 0.6283185307179586]
[0.0, 0.8053078856990497, 0.5928568201520985] [0.0, -0.5928568201520985, 0.8053078856990497] [0.0, 0.0, 0.6283185307179586]
[0.0, 0.8015669848588608, 0.5979049830484825] [0.0, -0.5979049830484825, 0.8015669848588608] [0.0, 0.0, 0.6283185307179586]
[0.0, 0.7977944395266122, 0.602929541679913] [0.0, -0.602929541679913, 0.7977944395266122] [0.0, 0.0, 0.6283185307179586]
[0.0, 0.793990398635934, 0.6079302976854187] [0.0, -0.6079302976854187, 0.793990398635934] [0.0, 0.0, 0.6283185307179586]
[0.0, 0.790155012363847, 0.6129070536437152] [0.0, -0.6129070536437152, 0.790155012363847] [0.0, 0.0, 0.6283185307179586]
[0.0, 0.786288432124834, 0.6178596130809989] [0.0, -0.6178596130809989, 0.786288432124834] [0.0, 0.0, 0.6283185307179586]
[0.0, 0.7823908105648621, 0.6227877804787032] [0.0, -0.6227877804787032, 0.7823908105648621] [0.0, 0.0, 0.6283185307179586]
[0.0, 0.7784623015553568, 0.6276913612812177] [0.0, -0.6276913612812177, 0.7784623015553568] [0.0, 0.0, 0.6283185307179586]
[0.0, 0.774503060187127, 0.6325701619035686] [0.0, -0.6325701619035686, 0.774503060187127] [0.0, 0.0, 0.6283185307179586]
[0.0, 0.7705132427642426, 0.6374239897390611] [0.0, -0.6374239897390611, 0.7705132427642426] [0.0, 0.0, 0.6283185307179586]
[0.0, 0.7664930067978639, 0.6422526531668834] [0.0, -0.6422526531668834, 0.7664930067978639] [0.0, 0.0, 0.6283185307179586]
[0.0, 0.7624425110000231, 0.6470559615596714] [0.0, -0.6470559615596714, 0.7624425110000231] [0.0, 0.0, 0.6283185307179586]
[0.0, 0.7583619152773586, 0.6518337252910341] [0.0, -0.6518337252910341, 0.7583619152773586] [0.0, 0.0, 0.6283185307179586]
[0.0, 0.7542513807248026, 0.6565857557430406] [0.0, -0.6565857557430406, 0.7542513807248026] [0.0, 0.0, 0.6283185307179586]
[0.0, 0.7501110696192209, 0.6613118653136653] [0.0, -0.6613118653136653, 0.7501110696192209] [0.0, 0.0, 0.6283185307179586]
[0.0, 0.7459411454130065, 0.6660118674241946] [0.0, -0.6660118674241946, 0.7459411454130065] [0.0, 0.0, 0.6283185307179586]
[0.0, 0.7417417727276269, 0.670685576526593] [0.0, -0.670685576526593, 0.7417417727276269] [0.0, 0.0, 0.6283185307179586]
[0.0, 0.7375131173471253, 0.6753328081108279] [0.0, -0.6753328081108279, 0.7375131173471253] [0.0, 0.0, 0.6283185307179586]
[0.0, 0.7332553462115757, 0.6799533787121534] [0.0, -0.6799533787121534, 0.7332553462115757] [0.0, 0.0, 0.6283185307179586]
[0.0, 0.728968627410492, 0.6845471059183541] [0.0, -0.6845471059183541, 0.728968627410492] [0.0, 0.0, 0.6283185307179586]
[0.0, 0.7246531301761922, 0.6891138083769455] [0.0, -0.6891138083769455, 0.7246531301761922] [0.0, 0.0, 0.6283185307179586]
[0.0, 0.720309024877118, 0.693653305802334] [0.0, -0.693653305802334, 0.720309024877118] [0.0, 0.0, 0.6283185307179586]
[0.0, 0.7159364830111082, 0.698165418982934] [0.0, -0.698165418982934, 0.7159364830111082] [0.0, 0.0, 0.6283185307179586]
[0.0, 0.7115356771986289, 0.7026499697882435] [0.0, -0.7026499697882435, 0.7115356771986289] [0.0, 0.0, 0.6283185307179586]
[0.0, 0.7071067811759578, 0.707106781175875] [0.0, -0.707106781175875, 0.7071067811759578] [0.0, 0.0, 0.6283185307179586]
[0.0, 0.7026499697883268, 0.7115356771985465] [0.0, -0.7115356771985465, 0.7026499697883268] [0.0, 0.0, 0.6283185307179586]
[0.0, 0.698165418983018, 0.7159364830110263] [0.0, -0.7159364830110263, 0.698165418983018] [0.0, 0.0, 0.6283185307179586]
[0.0, 0.6936533058024184, 0.7203090248770365] [0.0, -0.7203090248770365, 0.6936533058024184] [0.0, 0.0, 0.6283185307179586]
[0.0, 0.6891138083770303, 0.7246531301761112] [0.0, -0.7246531301761112, 0.6891138083770303] [0.0, 0.0, 0.6283185307179586]
[0.0, 0.6845471059184394, 0.7289686274104115] [0.0, -0.7289686274104115, 0.6845471059184394] [0.0, 0.0, 0.6283185307179586]
[0.0, 0.6799533787122392, 0.7332553462114957] [0.0, -0.7332553462114957, 0.6799533787122392] [0.0, 0.0, 0.6283185307179586]
[0.0, 0.6753328081109141, 0.7375131173470458] [0.0, -0.7375131173470458, 0.6753328081109141] [0.0, 0.0, 0.6283185307179586]
[0.0, 0.6706855765266799, 0.7417417727275479] [0.0, -0.7417417727275479, 0.6706855765266799] [0.0, 0.0, 0.6283185307179586]
[0.0, 0.6660118674242821, 0.745941145412928] [0.0, -0.745941145412928, 0.6660118674242821] [0.0, 0.0, 0.6283185307179586]
[0.0, 0.6613118653137532, 0.750111069619143] [0.0, -0.750111069619143, 0.6613118653137532] [0.0, 0.0, 0.6283185307179586]
[0.0, 0.656585755743129, 0.7542513807247252] [0.0, -0.7542513807247252, 0.656585755743129] [0.0, 0.0, 0.6283185307179586]
[0.0, 0.6518337252911232, 0.7583619152772817] [0.0, -0.7583619152772817, 0.6518337252911232] [0.0, 0.0, 0.6283185307179586]
[0.0, 0.6470559615597608, 0.7624425109999466] [0.0, -0.7624425109999466, 0.6470559615597608] [0.0, 0.0, 0.6283185307179586]
[0.0, 0.6422526531669732, 0.766493006797788] [0.0, -0.766493006797788, 0.6422526531669732] [0.0, 0.0, 0.6283185307179586]
[0.0, 0.6374239897391514, 0.7705132427641672] [0.0, -0.7705132427641672, 0.6374239897391514] [0.0, 0.0, 0.6283185307179586]
[0.0, 0.6325701619036593, 0.7745030601870522] [0.0, -0.7745030601870522, 0.6325701619036593] [0.0, 0.0, 0.6283185307179586]
[0.0, 0.6276913612813089, 0.7784623015552825] [0.0, -0.7784623015552825, 0.6276913612813089] [0.0, 0.0, 0.6283185307179586]
[0.0, 0.6227877804787949, 0.7823908105647884] [0.0, -0.7823908105647884, 0.6227877804787949] [0.0, 0.0, 0.6283185307179586]
[0.0, 0.617859613081091, 0.786288432124761] [0.0, -0.786288432124761, 0.617859613081091] [0.0, 0.0, 0.6283185307179586]
[0.0, 0.6129070536438079, 0.7901550123637746] [0.0, -0.7901550123637746, 0.6129070536438079] [0.0, 0.0, 0.6283185307179586]
[0.0, 0.6079302976855119, 0.7939903986358622] [0.0, -0.7939903986358622, 0.6079302976855119] [0.0, 0.0, 0.6283185307179586]
[0.0, 0.6029295416800067, 0.7977944395265409] [0.0, -0.7977944395265409, 0.6029295416800067] [0.0, 0.0, 0.6283185307179586]
[0.0, 0.5979049830485766, 0.8015669848587901] [0.0, -0.8015669848587901, 0.5979049830485766] [0.0, 0.0, 0.6283185307179586]
[0.0, 0.5928568201521931, 0.8053078856989795] [0.0, -0.8053078856989795, 0.5928568201521931] [0.0, 0.0, 0.6283185307179586]
[0.0, 0.5877852522836834, 0.8090169943627494] [0.0, -0.8090169943627494, 0.5877852522836834] [0.0, 0.0, 0.6283185307179586]
[0.0, 0.5826904796598631, 0.812694164420841] [0.0, -0.812694164420841, 0.5826904796598631] [0.0, 0.0, 0.6283185307179586]
[0.0, 0.5775727034136318, 0.8163392507048765] [0.0, -0.8163392507048765, 0.5775727034136318] [0.0, 0.0, 0.6283185307179586]
[0.0, 0.5724321255860325, 0.8199521093130908] [0.0, -0.8199521093130908, 0.5724321255860325] [0.0, 0.0, 0.6283185307179586]
[0.0, 0.567268949118276, 0.8235325976160123] [0.0, -0.8235325976160123, 0.567268949118276] [0.0, 0.0, 0.6283185307179586]
[0.0, 0.5620833778437282, 0.8270805742620936] [0.0, -0.8270805742620936, 0.5620833778437282] [0.0, 0.0, 0.6283185307179586]
[0.0, 0.556875616479864, 0.8305958991832918] [0.0, -0.8305958991832918, 0.556875616479864] [0.0, 0.0, 0.6283185307179586]
[0.0, 0.5516458706201851, 0.8340784336005983] [0.0, -0.8340784336005983, 0.5516458706201851] [0.0, 0.0, 0.6283185307179586]
[0.0, 0.5463943467261031, 0.8375280400295173] [0.0, -0.8375280400295173, 0.5463943467261031] [0.0, 0.0, 0.6283185307179586]
[0.0, 0.5411212521187893, 0.8409445822854936] [0.0, -0.8409445822854936, 0.5411212521187893] [0.0, 0.0, 0.6283185307179586]
[0.0, 0.5358267949709898, 0.844327925489289] [0.0, -0.844327925489289, 0.5358267949709898] [0.0, 0.0, 0.6283185307179586]
[0.0, 0.5305111842988074, 0.8476779360723071] [0.0, -0.8476779360723071, 0.5305111842988074] [0.0, 0.0, 0.6283185307179586]
[0.0, 0.5251746299534494, 0.8509944817818662] [0.0, -0.8509944817818662, 0.5251746299534494] [0.0, 0.0, 0.6283185307179586]
[0.0, 0.519817342612944, 0.8542774316864205] [0.0, -0.8542774316864205, 0.519817342612944] [0.0, 0.0, 0.6283185307179586]
[0.0, 0.514439533773822, 0.857526656180729] [0.0, -0.857526656180729, 0.514439533773822] [0.0, 0.0, 0.6283185307179586]
[0.0, 0.5090414157427683, 0.8607420269909724] [0.0, -0.8607420269909724, 0.5090414157427683] [0.0, 0.0, 0.6283185307179586]
[0.0, 0.5036232016282395, 0.8639234171798166] [0.0, -0.8639234171798166, 0.5036232016282395] [0.0, 0.0, 0.6283185307179586]
[0.0, 0.4981851053320514, 0.8670707011514243] [0.0, -0.8670707011514243, 0.4981851053320514] [0.0, 0.0, 0.6283185307179586]
[0.0, 0.4927273415409344, 0.8701837546564134] [0.0, -0.8701837546564134, 0.4927273415409344] [0.0, 0.0, 0.6283185307179586]
[0.0, 0.4872501257180577, 0.873262454796762] [0.0, -0.873262454796762, 0.4872501257180577] [0.0, 0.0, 0.6283185307179586]
[0.0, 0.48175367409452347, 0.87630668003066] [0.0, -0.87630668003066, 0.48175367409452347] [0.0, 0.0, 0.6283185307179586]
[0.0, 0.4762382036608304, 0.8793163101773078] [0.0, -0.8793163101773078, 0.4762382036608304] [0.0, 0.0, 0.6283185307179586]
[0.0, 0.47070393215830725, 0.8822912264216605] [0.0, -0.8822912264216605, 0.47070393215830725] [0.0, 0.0, 0.6283185307179586]
[0.0, 0.46515107807051664, 0.8852313113191186] [0.0, -0.8852313113191186, 0.46515107807051664] [0.0, 0.0, 0.6283185307179586]
[0.0, 0.4595798606146301, 0.8881364488001645] [0.0, -0.8881364488001645, 0.4595798606146301] [0.0, 0.0, 0.6283185307179586]
[0.0, 0.4539904997327732, 0.891006524174945] [0.0, -0.891006524174945, 0.4539904997327732] [0.0, 0.0, 0.6283185307179586]
[0.0, 0.4483832160833432, 0.8938414241377985] [0.0, -0.8938414241377985, 0.4483832160833432] [0.0, 0.0, 0.6283185307179586]
[0.0, 0.44275823103229717, 0.8966410367717289] [0.0, -0.8966410367717289, 0.44275823103229717] [0.0, 0.0, 0.6283185307179586]
[0.0, 0.43711576664441354, 0.8994052515528228] [0.0, -0.8994052515528228, 0.43711576664441354] [0.0, 0.0, 0.6283185307179586]
[0.0, 0.4314560456745249, 0.9021339593546139] [0.0, -0.9021339593546139, 0.4314560456745249] [0.0, 0.0, 0.6283185307179586]
[0.0, 0.42577929155872407, 0.9048270524523905] [0.0, -0.9048270524523905, 0.42577929155872407] [0.0, 0.0, 0.6283185307179586]
[0.0, 0.4200857284055434, 0.9074844245274482] [0.0, -0.9074844245274482, 0.4200857284055434] [0.0, 0.0, 0.6283185307179586]
[0.0, 0.4143755809871073, 0.9101059706712878] [0.0, -0.9101059706712878, 0.4143755809871073] [0.0, 0.0, 0.6283185307179586]
[0.0, 0.40864907473025847, 0.9126915873897564] [0.0, -0.9126915873897564, 0.40864907473025847] [0.0, 0.0, 0.6283185307179586]
[0.0, 0.40290643570765855, 0.9152411726071331] [0.0, -0.9152411726071331, 0.40290643570765855] [0.0, 0.0, 0.6283185307179586]
[0.0, 0.39714789062886324, 0.9177546256701592] [0.0, -0.9177546256701592, 0.39714789062886324] [0.0, 0.0, 0.6283185307179586]
[0.0, 0.39137366683137204, 0.9202318473520115] [0.0, -0.9202318473520115, 0.39137366683137204] [0.0, 0.0, 0.6283185307179586]
[0.0, 0.38558399227165335, 0.9226727398562196] [0.0, -0.9226727398562196, 0.38558399227165335] [0.0, 0.0, 0.6283185307179586]
[0.0, 0.37977909551614536, 0.925077206820527] [0.0, -0.925077206820527, 0.37977909551614536] [0.0, 0.0, 0.6283185307179586]
[0.0, 0.37395920573223235, 0.9274451533206949] [0.0, -0.9274451533206949, 0.37395920573223235] [0.0, 0.0, 0.6283185307179586]
[0.0, 0.3681245526791977, 0.9297764858742503] [0.0, -0.9297764858742503, 0.3681245526791977] [0.0, 0.0, 0.6283185307179586]
[0.0, 0.3622753666991535, 0.9320711124441757] [0.0, -0.9320711124441757, 0.3622753666991535] [0.0, 0.0, 0.6283185307179586]
[0.0, 0.3564118787079468, 0.9343289424425432] [0.0, -0.9343289424425432, 0.3564118787079468] [0.0, 0.0, 0.6283185307179586]
[0.0, 0.35053432018604364, 0.9365498867340905] [0.0, -0.9365498867340905, 0.35053432018604364] [0.0, 0.0, 0.6283185307179586]
[0.0, 0.34464292316939044, 0.9387338576397397] [0.0, -0.9387338576397397, 0.34464292316939044] [0.0, 0.0, 0.6283185307179586]
[0.0, 0.3387379202402537, 0.9408807689400591] [0.0, -0.9408807689400591, 0.3387379202402537] [0.0, 0.0, 0.6283185307179586]
[0.0, 0.332819544518038, 0.9429905358786668] [0.0, -0.9429905358786668, 0.332819544518038] [0.0, 0.0, 0.6283185307179586]
[0.0, 0.3268880296500832, 0.9450630751655763] [0.0, -0.9450630751655763, 0.3268880296500832] [0.0, 0.0, 0.6283185307179586]
[0.0, 0.3209436098024397, 0.9470983049804855] [0.0, -0.9470983049804855, 0.3209436098024397] [0.0, 0.0, 0.6283185307179586]
[0.0, 0.3149865196506247, 0.9490961449760061] [0.0, -0.9490961449760061, 0.3149865196506247] [0.0, 0.0, 0.6283185307179586]
[0.0, 0.3090169943703572, 0.951056516280836] [0.0, -0.951056516280836, 0.3090169943703572] [0.0, 0.0, 0.6283185307179586]
[0.0, 0.3030352696282738, 0.9529793415028727] [0.0, -0.9529793415028727, 0.3030352696282738] [0.0, 0.0, 0.6283185307179586]
[0.0, 0.29704158157262495, 0.9548645447322688] [0.0, -0.9548645447322688, 0.29704158157262495] [0.0, 0.0, 0.6283185307179586]
[0.0, 0.2910361668239523, 0.9567120515444288] [0.0, -0.9567120515444288, 0.2910361668239523] [0.0, 0.0, 0.6283185307179586]
[0.0, 0.28501926246574716, 0.9585217890029474] [0.0, -0.9585217890029474, 0.28501926246574716] [0.0, 0.0, 0.6283185307179586]
[0.0, 0.27899110603509103, 0.9602936856624883] [0.0, -0.9602936856624883, 0.27899110603509103] [0.0, 0.0, 0.6283185307179586]
[0.0, 0.2729519355132779, 0.9620276715716054] [0.0, -0.9620276715716054, 0.2729519355132779] [0.0, 0.0, 0.6283185307179586]
[0.0, 0.2669019893164193, 0.963723678275504] [0.0, -0.963723678275504, 0.2669019893164193] [0.0, 0.0, 0.6283185307179586]
[0.0, 0.26084150628603187, 0.9653816388187436] [0.0, -0.9653816388187436, 0.26084150628603187] [0.0, 0.0, 0.6283185307179586]
[0.0, 0.25477072567960846, 0.9670014877478809] [0.0, -0.9670014877478809, 0.25477072567960846] [0.0, 0.0, 0.6283185307179586]
[0.0, 0.2486898871611726, 0.9685831611140535] [0.0, -0.9685831611140535, 0.2486898871611726] [0.0, 0.0, 0.6283185307179586]
[0.0, 0.2425992307918169, 0.9701265964755054] [0.0, -0.9701265964755054, 0.2425992307918169] [0.0, 0.0, 0.6283185307179586]
[0.0, 0.23649899702022595, 0.9716317329000511] [0.0, -0.9716317329000511, 0.23649899702022595] [0.0, 0.0, 0.6283185307179586]
[0.0, 0.2303894266731838, 0.973098510967482] [0.0, -0.973098510967482, 0.2303894266731838] [0.0, 0.0, 0.6283185307179586]
[0.0, 0.2242707609460665, 0.9745268727719115] [0.0, -0.9745268727719115, 0.2242707609460665] [0.0, 0.0, 0.6283185307179586]
[0.0, 0.21814324139332006, 0.9759167619240613] [0.0, -0.9759167619240613, 0.21814324139332006] [0.0, 0.0, 0.6283185307179586]
[0.0, 0.2120071099189245, 0.9772681235534874] [0.0, -0.9772681235534874, 0.2120071099189245] [0.0, 0.0, 0.6283185307179586]
[0.0, 0.20586260876684362, 0.9785809043107466] [0.0, -0.9785809043107466, 0.20586260876684362] [0.0, 0.0, 0.6283185307179586]
[0.0, 0.19970998051146188, 0.9798550523695025] [0.0, -0.9798550523695025, 0.19970998051146188] [0.0, 0.0, 0.6283185307179586]
[0.0, 0.19354946804800782, 0.9810905174285716] [0.0, -0.9810905174285716, 0.19354946804800782] [0.0, 0.0, 0.6283185307179586]
[0.0, 0.187381314582965, 0.9822872507139085] [0.0, -0.9822872507139085, 0.187381314582965] [0.0, 0.0, 0.6283185307179586]
[0.0, 0.18120576362447066, 0.9834452049805325] [0.0, -0.9834452049805325, 0.18120576362447066] [0.0, 0.0, 0.6283185307179586]
[0.0, 0.17502305897270237, 0.9845643345143916] [0.0, -0.9845643345143916, 0.17502305897270237] [0.0, 0.0, 0.6283185307179586]
[0.0, 0.16883344471025333, 0.9856445951341684] [0.0, -0.9856445951341684, 0.16883344471025333] [0.0, 0.0, 0.6283185307179586]
[0.0, 0.16263716519249627, 0.9866859441930231] [0.0, -0.9866859441930231, 0.16263716519249627] [0.0, 0.0, 0.6283185307179586]
[0.0, 0.15643446503793684, 0.9876883405802781] [0.0, -0.9876883405802781, 0.15643446503793684] [0.0, 0.0, 0.6283185307179586]
[0.0, 0.15022558911855644, 0.9886517447230403] [0.0, -0.9886517447230403, 0.15022558911855644] [0.0, 0.0, 0.6283185307179586]
[0.0, 0.14401078255014504, 0.9895761185877636] [0.0, -0.9895761185877636, 0.14401078255014504] [0.0, 0.0, 0.6283185307179586]
[0.0, 0.13779029068262455, 0.9904614256817509] [0.0, -0.9904614256817509, 0.13779029068262455] [0.0, 0.0, 0.6283185307179586]
[0.0, 0.13156435909036265, 0.9913076310545939] [0.0, -0.9913076310545939, 0.13156435909036265] [0.0, 0.0, 0.6283185307179586]
[0.0, 0.1253332335624781, 0.9921147012995534] [0.0, -0.9921147012995534, 0.1253332335624781] [0.0, 0.0, 0.6283185307179586]
[0.0, 0.11909716009313741, 0.992882604554878] [0.0, -0.992882604554878, 0.11909716009313741] [0.0, 0.0, 0.6283185307179586]
[0.0, 0.11285638487184324, 0.9936113105050621] [0.0, -0.9936113105050621, 0.11285638487184324] [0.0, 0.0, 0.6283185307179586]
[0.0, 0.10661115427371541, 0.9943007903820427] [0.0, -0.9943007903820427, 0.10661115427371541] [0.0, 0.0, 0.6283185307179586]
[0.0, 0.10036171484976439, 0.9949510169663345] [0.0, -0.9949510169663345, 0.10036171484976439] [0.0, 0.0, 0.6283185307179586]
[0.0, 0.09410831331715787, 0.9955619645881055] [0.0, -0.9955619645881055, 0.09410831331715787] [0.0, 0.0, 0.6283185307179586]
[0.0, 0.08785119654948083, 0.9961336091281898] [0.0, -0.9961336091281898, 0.08785119654948083] [0.0, 0.0, 0.6283185307179586]
[0.0, 0.08159061156698938, 0.9966659280190396] [0.0, -0.9966659280190396, 0.08159061156698938] [0.0, 0.0, 0.6283185307179586]
[0.0, 0.07532680552685875, 0.9971589002456167] [0.0, -0.9971589002456167, 0.07532680552685875] [0.0, 0.0, 0.6283185307179586]
[0.0, 0.06906002571342608, 0.9976125063462216] [0.0, -0.9976125063462216, 0.06906002571342608] [0.0, 0.0, 0.6283185307179586]
[0.0, 0.06279051952842794, 0.998026728413262] [0.0, -0.998026728413262, 0.06279051952842794] [0.0, 0.0, 0.6283185307179586]
[0.0, 0.056518534481233416, 0.9984015500939603] [0.0, -0.9984015500939603, 0.056518534481233416] [0.0, 0.0, 0.6283185307179586]
[0.0, 0.0502443181790728, 0.998736956590998] [0.0, -0.998736956590998, 0.0502443181790728] [0.0, 0.0, 0.6283185307179586]
[0.0, 0.04396811831726253, 0.9990329346631012] [0.0, -0.9990329346631012, 0.04396811831726253] [0.0, 0.0, 0.6283185307179586]
[0.0, 0.03769018266942657, 0.9992894726255621] [0.0, -0.9992894726255621, 0.03769018266942657] [0.0, 0.0, 0.6283185307179586]
[0.0, 0.031410759077714755, 0.9995065603507015] [0.0, -0.9995065603507015, 0.031410759077714755] [0.0, 0.0, 0.6283185307179586]
[0.0, 0.02513009544301838, 0.9996841892682676] [0.0, -0.9996841892682676, 0.02513009544301838] [0.0, 0.0, 0.6283185307179586]
[0.0, 0.018848439715183535, 0.9998223523657749] [0.0, -0.9998223523657749, 0.018848439715183535] [0.0, 0.0, 0.6283185307179586]
[0.0, 0.012566039883222432, 0.9999210441887809] [0.0, -0.9999210441887809, 0.012566039883222432] [0.0, 0.0, 0.6283185307179586]
[0.0, 0.006283143965523247, 0.9999802608411014] [0.0, -0.9999802608411014, 0.006283143965523247] [0.0, 0.0, 0.6283185307179586]
[0.0, 5.876896191914227E-14, 0.9999999999849642] [0.0, -0.9999999999849642, 5.876896191914227E-14] [0.0, 0.0, 0.6283185307179586]
[0.0, -0.006283143965405711, 0.999980260841102] [0.0, -0.999980260841102, -0.006283143965405711] [0.0, 0.0, 0.6283185307179586]
[0.0, -0.012566039883104903, 0.9999210441887822] [0.0, -0.9999210441887822, -0.012566039883104903] [0.0, 0.0, 0.6283185307179586]
[0.0, -0.018848439715066015, 0.999822352365777] [0.0, -0.999822352365777, -0.018848439715066015] [0.0, 0.0, 0.6283185307179586]
[0.0, -0.025130095442900874, 0.9996841892682704] [0.0, -0.9996841892682704, -0.025130095442900874] [0.0, 0.0, 0.6283185307179586]
[0.0, -0.031410759077597265, 0.999506560350705] [0.0, -0.999506560350705, -0.031410759077597265] [0.0, 0.0, 0.6283185307179586]
[0.0, -0.03769018266930911, 0.9992894726255662] [0.0, -0.9992894726255662, -0.03769018266930911] [0.0, 0.0, 0.6283185307179586]
[0.0, -0.043968118317145095, 0.9990329346631059] [0.0, -0.9990329346631059, -0.043968118317145095] [0.0, 0.0, 0.6283185307179586]
[0.0, -0.050244318178955395, 0.9987369565910035] [0.0, -0.9987369565910035, -0.050244318178955395] [0.0, 0.0, 0.6283185307179586]
[0.0, -0.056518534481116045, 0.9984015500939664] [0.0, -0.9984015500939664, -0.056518534481116045] [0.0, 0.0, 0.6283185307179586]
[0.0, -0.0627905195283106, 0.9980267284132689] [0.0, -0.9980267284132689, -0.0627905195283106] [0.0, 0.0, 0.6283185307179586]
[0.0, -0.06906002571330878, 0.9976125063462292] [0.0, -0.9976125063462292, -0.06906002571330878] [0.0, 0.0, 0.6283185307179586]
[0.0, -0.07532680552674151, 0.9971589002456251] [0.0, -0.9971589002456251, -0.07532680552674151] [0.0, 0.0, 0.6283185307179586]
[0.0, -0.08159061156687218, 0.996665928019049] [0.0, -0.996665928019049, -0.08159061156687218] [0.0, 0.0, 0.6283185307179586]
[0.0, -0.0878511965493637, 0.9961336091281999] [0.0, -0.9961336091281999, -0.0878511965493637] [0.0, 0.0, 0.6283185307179586]
[0.0, -0.0941083133170408, 0.9955619645881165] [0.0, -0.9955619645881165, -0.0941083133170408] [0.0, 0.0, 0.6283185307179586]
[0.0, -0.10036171484964738, 0.9949510169663462] [0.0, -0.9949510169663462, -0.10036171484964738] [0.0, 0.0, 0.6283185307179586]
[0.0, -0.10661115427359848, 0.9943007903820552] [0.0, -0.9943007903820552, -0.10661115427359848] [0.0, 0.0, 0.6283185307179586]
[0.0, -0.11285638487172639, 0.9936113105050755] [0.0, -0.9936113105050755, -0.11285638487172639] [0.0, 0.0, 0.6283185307179586]
[0.0, -0.11909716009302064, 0.9928826045548921] [0.0, -0.9928826045548921, -0.11909716009302064] [0.0, 0.0, 0.6283185307179586]
[0.0, -0.12533323356236142, 0.9921147012995681] [0.0, -0.9921147012995681, -0.12533323356236142] [0.0, 0.0, 0.6283185307179586]
[0.0, -0.13156435909024605, 0.9913076310546094] [0.0, -0.9913076310546094, -0.13156435909024605] [0.0, 0.0, 0.6283185307179586]
[0.0, -0.13779029068250806, 0.9904614256817672] [0.0, -0.9904614256817672, -0.13779029068250806] [0.0, 0.0, 0.6283185307179586]
[0.0, -0.1440107825500287, 0.9895761185877806] [0.0, -0.9895761185877806, -0.1440107825500287] [0.0, 0.0, 0.6283185307179586]
[0.0, -0.1502255891184402, 0.9886517447230578] [0.0, -0.9886517447230578, -0.1502255891184402] [0.0, 0.0, 0.6283185307179586]
[0.0, -0.1564344650378207, 0.9876883405802963] [0.0, -0.9876883405802963, -0.1564344650378207] [0.0, 0.0, 0.6283185307179586]
[0.0, -0.16263716519238025, 0.9866859441930421] [0.0, -0.9866859441930421, -0.16263716519238025] [0.0, 0.0, 0.6283185307179586]
[0.0, -0.1688334447101374, 0.9856445951341881] [0.0, -0.9856445951341881, -0.1688334447101374] [0.0, 0.0, 0.6283185307179586]
[0.0, -0.17502305897258655, 0.984564334514412] [0.0, -0.984564334514412, -0.17502305897258655] [0.0, 0.0, 0.6283185307179586]
[0.0, -0.18120576362435495, 0.9834452049805535] [0.0, -0.9834452049805535, -0.18120576362435495] [0.0, 0.0, 0.6283185307179586]
[0.0, -0.18738131458284943, 0.9822872507139303] [0.0, -0.9822872507139303, -0.18738131458284943] [0.0, 0.0, 0.6283185307179586]
[0.0, -0.1935494680478924, 0.981090517428594] [0.0, -0.981090517428594, -0.1935494680478924] [0.0, 0.0, 0.6283185307179586]
[0.0, -0.19970998051134659, 0.9798550523695257] [0.0, -0.9798550523695257, -0.19970998051134659] [0.0, 0.0, 0.6283185307179586]
[0.0, -0.20586260876672843, 0.9785809043107705] [0.0, -0.9785809043107705, -0.20586260876672843] [0.0, 0.0, 0.6283185307179586]
[0.0, -0.21200710991880942, 0.9772681235535119] [0.0, -0.9772681235535119, -0.21200710991880942] [0.0, 0.0, 0.6283185307179586]
[0.0, -0.21814324139320512, 0.9759167619240865] [0.0, -0.9759167619240865, -0.21814324139320512] [0.0, 0.0, 0.6283185307179586]
[0.0, -0.22427076094595172, 0.9745268727719375] [0.0, -0.9745268727719375, -0.22427076094595172] [0.0, 0.0, 0.6283185307179586]
[0.0, -0.23038942667306922, 0.9730985109675088] [0.0, -0.9730985109675088, -0.23038942667306922] [0.0, 0.0, 0.6283185307179586]
[0.0, -0.23649899702011154, 0.9716317329000786] [0.0, -0.9716317329000786, -0.23649899702011154] [0.0, 0.0, 0.6283185307179586]
[0.0, -0.24259923079170265, 0.9701265964755336] [0.0, -0.9701265964755336, -0.24259923079170265] [0.0, 0.0, 0.6283185307179586]
[0.0, -0.24868988716105853, 0.9685831611140824] [0.0, -0.9685831611140824, -0.24868988716105853] [0.0, 0.0, 0.6283185307179586]
[0.0, -0.25477072567949455, 0.9670014877479104] [0.0, -0.9670014877479104, -0.25477072567949455] [0.0, 0.0, 0.6283185307179586]
[0.0, -0.2608415062859181, 0.9653816388187739] [0.0, -0.9653816388187739, -0.2608415062859181] [0.0, 0.0, 0.6283185307179586]
[0.0, -0.2669019893163057, 0.9637236782755351] [0.0, -0.9637236782755351, -0.2669019893163057] [0.0, 0.0, 0.6283185307179586]
[0.0, -0.2729519355131645, 0.9620276715716372] [0.0, -0.9620276715716372, -0.2729519355131645] [0.0, 0.0, 0.6283185307179586]
[0.0, -0.2789911060349778, 0.9602936856625207] [0.0, -0.9602936856625207, -0.2789911060349778] [0.0, 0.0, 0.6283185307179586]
[0.0, -0.28501926246563414, 0.9585217890029806] [0.0, -0.9585217890029806, -0.28501926246563414] [0.0, 0.0, 0.6283185307179586]
[0.0, -0.2910361668238395, 0.9567120515444627] [0.0, -0.9567120515444627, -0.2910361668238395] [0.0, 0.0, 0.6283185307179586]
[0.0, -0.29704158157251237, 0.9548645447323033] [0.0, -0.9548645447323033, -0.29704158157251237] [0.0, 0.0, 0.6283185307179586]
[0.0, -0.3030352696281614, 0.9529793415029079] [0.0, -0.9529793415029079, -0.3030352696281614] [0.0, 0.0, 0.6283185307179586]
[0.0, -0.309016994370245, 0.9510565162808718] [0.0, -0.9510565162808718, -0.309016994370245] [0.0, 0.0, 0.6283185307179586]
[0.0, -0.3149865196505127, 0.9490961449760427] [0.0, -0.9490961449760427, -0.3149865196505127] [0.0, 0.0, 0.6283185307179586]
[0.0, -0.32094360980232794, 0.9470983049805227] [0.0, -0.9470983049805227, -0.32094360980232794] [0.0, 0.0, 0.6283185307179586]
[0.0, -0.32688802964997166, 0.9450630751656142] [0.0, -0.9450630751656142, -0.32688802964997166] [0.0, 0.0, 0.6283185307179586]
[0.0, -0.3328195445179267, 0.9429905358787053] [0.0, -0.9429905358787053, -0.3328195445179267] [0.0, 0.0, 0.6283185307179586]
[0.0, -0.3387379202401426, 0.9408807689400984] [0.0, -0.9408807689400984, -0.3387379202401426] [0.0, 0.0, 0.6283185307179586]
[0.0, -0.3446429231692796, 0.9387338576397797] [0.0, -0.9387338576397797, -0.3446429231692796] [0.0, 0.0, 0.6283185307179586]
[0.0, -0.35053432018593306, 0.9365498867341311] [0.0, -0.9365498867341311, -0.35053432018593306] [0.0, 0.0, 0.6283185307179586]
[0.0, -0.3564118787078365, 0.9343289424425845] [0.0, -0.9343289424425845, -0.3564118787078365] [0.0, 0.0, 0.6283185307179586]
[0.0, -0.3622753666990435, 0.9320711124442177] [0.0, -0.9320711124442177, -0.3622753666990435] [0.0, 0.0, 0.6283185307179586]
[0.0, -0.36812455267908795, 0.929776485874293] [0.0, -0.929776485874293, -0.36812455267908795] [0.0, 0.0, 0.6283185307179586]
[0.0, -0.3739592057321228, 0.9274451533207383] [0.0, -0.9274451533207383, -0.3739592057321228] [0.0, 0.0, 0.6283185307179586]
[0.0, -0.3797790955160361, 0.925077206820571] [0.0, -0.925077206820571, -0.3797790955160361] [0.0, 0.0, 0.6283185307179586]
[0.0, -0.3855839922715444, 0.9226727398562643] [0.0, -0.9226727398562643, -0.3855839922715444] [0.0, 0.0, 0.6283185307179586]
[0.0, -0.39137366683126334, 0.9202318473520568] [0.0, -0.9202318473520568, -0.39137366683126334] [0.0, 0.0, 0.6283185307179586]
[0.0, -0.3971478906287549, 0.9177546256702052] [0.0, -0.9177546256702052, -0.3971478906287549] [0.0, 0.0, 0.6283185307179586]
[0.0, -0.4029064357075505, 0.9152411726071796] [0.0, -0.9152411726071796, -0.4029064357075505] [0.0, 0.0, 0.6283185307179586]
[0.0, -0.4086490747301507, 0.9126915873898035] [0.0, -0.9126915873898035, -0.4086490747301507] [0.0, 0.0, 0.6283185307179586]
[0.0, -0.41437558098699984, 0.9101059706713356] [0.0, -0.9101059706713356, -0.41437558098699984] [0.0, 0.0, 0.6283185307179586]
[0.0, -0.42008572840543623, 0.9074844245274966] [0.0, -0.9074844245274966, -0.42008572840543623] [0.0, 0.0, 0.6283185307179586]
[0.0, -0.42577929155861716, 0.9048270524524394] [0.0, -0.9048270524524394, -0.42577929155861716] [0.0, 0.0, 0.6283185307179586]
[0.0, -0.4314560456744183, 0.9021339593546636] [0.0, -0.9021339593546636, -0.4314560456744183] [0.0, 0.0, 0.6283185307179586]
[0.0, -0.4371157666443073, 0.8994052515528731] [0.0, -0.8994052515528731, -0.4371157666443073] [0.0, 0.0, 0.6283185307179586]
[0.0, -0.44275823103219125, 0.8966410367717799] [0.0, -0.8966410367717799, -0.44275823103219125] [0.0, 0.0, 0.6283185307179586]
[0.0, -0.44838321608323756, 0.8938414241378502] [0.0, -0.8938414241378502, -0.44838321608323756] [0.0, 0.0, 0.6283185307179586]
[0.0, -0.4539904997326679, 0.8910065241749971] [0.0, -0.8910065241749971, -0.4539904997326679] [0.0, 0.0, 0.6283185307179586]
[0.0, -0.4595798606145251, 0.8881364488002172] [0.0, -0.8881364488002172, -0.4595798606145251] [0.0, 0.0, 0.6283185307179586]
[0.0, -0.465151078070412, 0.885231311319172] [0.0, -0.885231311319172, -0.465151078070412] [0.0, 0.0, 0.6283185307179586]
[0.0, -0.4707039321582029, 0.8822912264217146] [0.0, -0.8822912264217146, -0.4707039321582029] [0.0, 0.0, 0.6283185307179586]
[0.0, -0.4762382036607264, 0.8793163101773627] [0.0, -0.8793163101773627, -0.4762382036607264] [0.0, 0.0, 0.6283185307179586]
[0.0, -0.48175367409441977, 0.8763066800307155] [0.0, -0.8763066800307155, -0.48175367409441977] [0.0, 0.0, 0.6283185307179586]
[0.0, -0.48725012571795434, 0.8732624547968182] [0.0, -0.8732624547968182, -0.48725012571795434] [0.0, 0.0, 0.6283185307179586]
[0.0, -0.49272734154083137, 0.8701837546564704] [0.0, -0.8701837546564704, -0.49272734154083137] [0.0, 0.0, 0.6283185307179586]
[0.0, -0.49818510533194876, 0.8670707011514819] [0.0, -0.8670707011514819, -0.49818510533194876] [0.0, 0.0, 0.6283185307179586]
[0.0, -0.5036232016281371, 0.8639234171798749] [0.0, -0.8639234171798749, -0.5036232016281371] [0.0, 0.0, 0.6283185307179586]
[0.0, -0.5090414157426663, 0.8607420269910313] [0.0, -0.8607420269910313, -0.5090414157426663] [0.0, 0.0, 0.6283185307179586]
[0.0, -0.5144395337737204, 0.8575266561807886] [0.0, -0.8575266561807886, -0.5144395337737204] [0.0, 0.0, 0.6283185307179586]
[0.0, -0.5198173426128428, 0.8542774316864807] [0.0, -0.8542774316864807, -0.5198173426128428] [0.0, 0.0, 0.6283185307179586]
[0.0, -0.5251746299533487, 0.850994481781927] [0.0, -0.850994481781927, -0.5251746299533487] [0.0, 0.0, 0.6283185307179586]
[0.0, -0.530511184298707, 0.8476779360723686] [0.0, -0.8476779360723686, -0.530511184298707] [0.0, 0.0, 0.6283185307179586]
[0.0, -0.5358267949708898, 0.8443279254893512] [0.0, -0.8443279254893512, -0.5358267949708898] [0.0, 0.0, 0.6283185307179586]
[0.0, -0.5411212521186897, 0.8409445822855564] [0.0, -0.8409445822855564, -0.5411212521186897] [0.0, 0.0, 0.6283185307179586]
[0.0, -0.5463943467260038, 0.8375280400295807] [0.0, -0.8375280400295807, -0.5463943467260038] [0.0, 0.0, 0.6283185307179586]
[0.0, -0.5516458706200862, 0.8340784336006624] [0.0, -0.8340784336006624, -0.5516458706200862] [0.0, 0.0, 0.6283185307179586]
[0.0, -0.5568756164797655, 0.8305958991833565] [0.0, -0.8305958991833565, -0.5568756164797655] [0.0, 0.0, 0.6283185307179586]
[0.0, -0.5620833778436299, 0.8270805742621589] [0.0, -0.8270805742621589, -0.5620833778436299] [0.0, 0.0, 0.6283185307179586]
[0.0, -0.567268949118178, 0.8235325976160781] [0.0, -0.8235325976160781, -0.567268949118178] [0.0, 0.0, 0.6283185307179586]
[0.0, -0.572432125585935, 0.8199521093131571] [0.0, -0.8199521093131571, -0.572432125585935] [0.0, 0.0, 0.6283185307179586]
[0.0, -0.5775727034135346, 0.8163392507049433] [0.0, -0.8163392507049433, -0.5775727034135346] [0.0, 0.0, 0.6283185307179586]
[0.0, -0.5826904796597664, 0.8126941644209084] [0.0, -0.8126941644209084, -0.5826904796597664] [0.0, 0.0, 0.6283185307179586]
[0.0, -0.587785252283587, 0.8090169943628174] [0.0, -0.8090169943628174, -0.587785252283587] [0.0, 0.0, 0.6283185307179586]
[0.0, -0.5928568201520971, 0.805307885699048] [0.0, -0.805307885699048, -0.5928568201520971] [0.0, 0.0, 0.6283185307179586]
[0.0, -0.5979049830484809, 0.8015669848588591] [0.0, -0.8015669848588591, -0.5979049830484809] [0.0, 0.0, 0.6283185307179586]
[0.0, -0.6029295416799114, 0.7977944395266106] [0.0, -0.7977944395266106, -0.6029295416799114] [0.0, 0.0, 0.6283185307179586]
[0.0, -0.6079302976854172, 0.7939903986359323] [0.0, -0.7939903986359323, -0.6079302976854172] [0.0, 0.0, 0.6283185307179586]
[0.0, -0.6129070536437137, 0.7901550123638453] [0.0, -0.7901550123638453, -0.6129070536437137] [0.0, 0.0, 0.6283185307179586]
[0.0, -0.6178596130809973, 0.7862884321248323] [0.0, -0.7862884321248323, -0.6178596130809973] [0.0, 0.0, 0.6283185307179586]
[0.0, -0.6227877804787016, 0.7823908105648605] [0.0, -0.7823908105648605, -0.6227877804787016] [0.0, 0.0, 0.6283185307179586]
[0.0, -0.6276913612812162, 0.7784623015553552] [0.0, -0.7784623015553552, -0.6276913612812162] [0.0, 0.0, 0.6283185307179586]
[0.0, -0.6325701619035671, 0.7745030601871254] [0.0, -0.7745030601871254, -0.6325701619035671] [0.0, 0.0, 0.6283185307179586]
[0.0, -0.6374239897390596, 0.770513242764241] [0.0, -0.770513242764241, -0.6374239897390596] [0.0, 0.0, 0.6283185307179586]
[0.0, -0.6422526531668818, 0.7664930067978625] [0.0, -0.7664930067978625, -0.6422526531668818] [0.0, 0.0, 0.6283185307179586]
[0.0, -0.6470559615596697, 0.7624425110000217] [0.0, -0.7624425110000217, -0.6470559615596697] [0.0, 0.0, 0.6283185307179586]
[0.0, -0.6518337252910325, 0.7583619152773573] [0.0, -0.7583619152773573, -0.6518337252910325] [0.0, 0.0, 0.6283185307179586]
[0.0, -0.6565857557430389, 0.7542513807248014] [0.0, -0.7542513807248014, -0.6565857557430389] [0.0, 0.0, 0.6283185307179586]
[0.0, -0.6613118653136636, 0.7501110696192197] [0.0, -0.7501110696192197, -0.6613118653136636] [0.0, 0.0, 0.6283185307179586]
[0.0, -0.6660118674241929, 0.7459411454130053] [0.0, -0.7459411454130053, -0.6660118674241929] [0.0, 0.0, 0.6283185307179586]
[0.0, -0.6706855765265913, 0.7417417727276258] [0.0, -0.7417417727276258, -0.6706855765265913] [0.0, 0.0, 0.6283185307179586]
[0.0, -0.6753328081108262, 0.7375131173471242] [0.0, -0.7375131173471242, -0.6753328081108262] [0.0, 0.0, 0.6283185307179586]
[0.0, -0.6799533787121518, 0.7332553462115746] [0.0, -0.7332553462115746, -0.6799533787121518] [0.0, 0.0, 0.6283185307179586]
[0.0, -0.6845471059183524, 0.7289686274104908] [0.0, -0.7289686274104908, -0.6845471059183524] [0.0, 0.0, 0.6283185307179586]
[0.0, -0.6891138083769438, 0.724653130176191] [0.0, -0.724653130176191, -0.6891138083769438] [0.0, 0.0, 0.6283185307179586]
[0.0, -0.6936533058023323, 0.7203090248771169] [0.0, -0.7203090248771169, -0.6936533058023323] [0.0, 0.0, 0.6283185307179586]
[0.0, -0.6981654189829324, 0.7159364830111071] [0.0, -0.7159364830111071, -0.6981654189829324] [0.0, 0.0, 0.6283185307179586]
[0.0, -0.7026499697882417, 0.7115356771986278] [0.0, -0.7115356771986278, -0.7026499697882417] [0.0, 0.0, 0.6283185307179586]
[0.0, -0.7071067811758732, 0.7071067811759567] [0.0, -0.7071067811759567, -0.7071067811758732] [0.0, 0.0, 0.6283185307179586]
[0.0, -0.7115356771985447, 0.7026499697883257] [0.0, -0.7026499697883257, -0.7115356771985447] [0.0, 0.0, 0.6283185307179586]
[0.0, -0.7159364830110245, 0.6981654189830169] [0.0, -0.6981654189830169, -0.7159364830110245] [0.0, 0.0, 0.6283185307179586]
[0.0, -0.7203090248770347, 0.6936533058024172] [0.0, -0.6936533058024172, -0.7203090248770347] [0.0, 0.0, 0.6283185307179586]
[0.0, -0.7246531301761094, 0.6891138083770292] [0.0, -0.6891138083770292, -0.7246531301761094] [0.0, 0.0, 0.6283185307179586]
[0.0, -0.7289686274104097, 0.6845471059184384] [0.0, -0.6845471059184384, -0.7289686274104097] [0.0, 0.0, 0.6283185307179586]
[0.0, -0.7332553462114939, 0.6799533787122383] [0.0, -0.6799533787122383, -0.7332553462114939] [0.0, 0.0, 0.6283185307179586]
[0.0, -0.7375131173470441, 0.6753328081109132] [0.0, -0.6753328081109132, -0.7375131173470441] [0.0, 0.0, 0.6283185307179586]
[0.0, -0.741741772727546, 0.670685576526679] [0.0, -0.670685576526679, -0.741741772727546] [0.0, 0.0, 0.6283185307179586]
[0.0, -0.7459411454129261, 0.6660118674242812] [0.0, -0.6660118674242812, -0.7459411454129261] [0.0, 0.0, 0.6283185307179586]
[0.0, -0.750111069619141, 0.6613118653137524] [0.0, -0.6613118653137524, -0.750111069619141] [0.0, 0.0, 0.6283185307179586]
[0.0, -0.7542513807247232, 0.6565857557431283] [0.0, -0.6565857557431283, -0.7542513807247232] [0.0, 0.0, 0.6283185307179586]
[0.0, -0.7583619152772797, 0.6518337252911224] [0.0, -0.6518337252911224, -0.7583619152772797] [0.0, 0.0, 0.6283185307179586]
[0.0, -0.7624425109999446, 0.64705596155976] [0.0, -0.64705596155976, -0.7624425109999446] [0.0, 0.0, 0.6283185307179586]
[0.0, -0.766493006797786, 0.6422526531669724] [0.0, -0.6422526531669724, -0.766493006797786] [0.0, 0.0, 0.6283185307179586]
[0.0, -0.7705132427641652, 0.6374239897391506] [0.0, -0.6374239897391506, -0.7705132427641652] [0.0, 0.0, 0.6283185307179586]
[0.0, -0.7745030601870502, 0.6325701619036586] [0.0, -0.6325701619036586, -0.7745030601870502] [0.0, 0.0, 0.6283185307179586]
[0.0, -0.7784623015552805, 0.6276913612813081] [0.0, -0.6276913612813081, -0.7784623015552805] [0.0, 0.0, 0.6283185307179586]
[0.0, -0.7823908105647864, 0.6227877804787941] [0.0, -0.6227877804787941, -0.7823908105647864] [0.0, 0.0, 0.6283185307179586]
[0.0, -0.786288432124759, 0.6178596130810903] [0.0, -0.6178596130810903, -0.786288432124759] [0.0, 0.0, 0.6283185307179586]
[0.0, -0.7901550123637726, 0.6129070536438072] [0.0, -0.6129070536438072, -0.7901550123637726] [0.0, 0.0, 0.6283185307179586]
[0.0, -0.7939903986358602, 0.6079302976855111] [0.0, -0.6079302976855111, -0.7939903986358602] [0.0, 0.0, 0.6283185307179586]
[0.0, -0.797794439526539, 0.6029295416800059] [0.0, -0.6029295416800059, -0.797794439526539] [0.0, 0.0, 0.6283185307179586]
[0.0, -0.8015669848587881, 0.5979049830485759] [0.0, -0.5979049830485759, -0.8015669848587881] [0.0, 0.0, 0.6283185307179586]
[0.0, -0.8053078856989775, 0.5928568201521923] [0.0, -0.5928568201521923, -0.8053078856989775] [0.0, 0.0, 0.6283185307179586]
[0.0, -0.8090169943627474, 0.5877852522836827] [0.0, -0.5877852522836827, -0.8090169943627474] [0.0, 0.0, 0.6283185307179586]
[0.0, -0.812694164420839, 0.5826904796598625] [0.0, -0.5826904796598625, -0.812694164420839] [0.0, 0.0, 0.6283185307179586]
[0.0, -0.8163392507048745, 0.5775727034136312] [0.0, -0.5775727034136312, -0.8163392507048745] [0.0, 0.0, 0.6283185307179586]
[0.0, -0.8199521093130888, 0.572432125586032] [0.0, -0.572432125586032, -0.8199521093130888] [0.0, 0.0, 0.6283185307179586]
[0.0, -0.8235325976160103, 0.5672689491182754] [0.0, -0.5672689491182754, -0.8235325976160103] [0.0, 0.0, 0.6283185307179586]
[0.0, -0.8270805742620916, 0.5620833778437276] [0.0, -0.5620833778437276, -0.8270805742620916] [0.0, 0.0, 0.6283185307179586]
[0.0, -0.8305958991832898, 0.5568756164798635] [0.0, -0.5568756164798635, -0.8305958991832898] [0.0, 0.0, 0.6283185307179586]
[0.0, -0.8340784336005963, 0.5516458706201846] [0.0, -0.5516458706201846, -0.8340784336005963] [0.0, 0.0, 0.6283185307179586]
[0.0, -0.8375280400295153, 0.5463943467261025] [0.0, -0.5463943467261025, -0.8375280400295153] [0.0, 0.0, 0.6283185307179586]
[0.0, -0.8409445822854916, 0.5411212521187888] [0.0, -0.5411212521187888, -0.8409445822854916] [0.0, 0.0, 0.6283185307179586]
[0.0, -0.844327925489287, 0.5358267949709894] [0.0, -0.5358267949709894, -0.844327925489287] [0.0, 0.0, 0.6283185307179586]
[0.0, -0.8476779360723051, 0.530511184298807] [0.0, -0.530511184298807, -0.8476779360723051] [0.0, 0.0, 0.6283185307179586]
[0.0, -0.8509944817818642, 0.525174629953449] [0.0, -0.525174629953449, -0.8509944817818642] [0.0, 0.0, 0.6283185307179586]
[0.0, -0.8542774316864185, 0.5198173426129435] [0.0, -0.5198173426129435, -0.8542774316864185] [0.0, 0.0, 0.6283185307179586]
[0.0, -0.857526656180727, 0.5144395337738216] [0.0, -0.5144395337738216, -0.857526656180727] [0.0, 0.0, 0.6283185307179586]
[0.0, -0.8607420269909704, 0.5090414157427678] [0.0, -0.5090414157427678, -0.8607420269909704] [0.0, 0.0, 0.6283185307179586]
[0.0, -0.8639234171798146, 0.503623201628239] [0.0, -0.503623201628239, -0.8639234171798146] [0.0, 0.0, 0.6283185307179586]
[0.0, -0.8670707011514223, 0.49818510533205096] [0.0, -0.49818510533205096, -0.8670707011514223] [0.0, 0.0, 0.6283185307179586]
[0.0, -0.8701837546564114, 0.49272734154093395] [0.0, -0.49272734154093395, -0.8701837546564114] [0.0, 0.0, 0.6283185307179586]
[0.0, -0.87326245479676, 0.48725012571805726] [0.0, -0.48725012571805726, -0.87326245479676] [0.0, 0.0, 0.6283185307179586]
[0.0, -0.876306680030658, 0.481753674094523] [0.0, -0.481753674094523, -0.876306680030658] [0.0, 0.0, 0.6283185307179586]
[0.0, -0.8793163101773058, 0.47623820366083] [0.0, -0.47623820366083, -0.8793163101773058] [0.0, 0.0, 0.6283185307179586]
[0.0, -0.8822912264216585, 0.4707039321583068] [0.0, -0.4707039321583068, -0.8822912264216585] [0.0, 0.0, 0.6283185307179586]
[0.0, -0.8852313113191166, 0.46515107807051626] [0.0, -0.46515107807051626, -0.8852313113191166] [0.0, 0.0, 0.6283185307179586]
[0.0, -0.8881364488001625, 0.4595798606146297] [0.0, -0.4595798606146297, -0.8881364488001625] [0.0, 0.0, 0.6283185307179586]
[0.0, -0.891006524174943, 0.45399049973277283] [0.0, -0.45399049973277283, -0.891006524174943] [0.0, 0.0, 0.6283185307179586]
[0.0, -0.8938414241377965, 0.4483832160833428] [0.0, -0.4483832160833428, -0.8938414241377965] [0.0, 0.0, 0.6283185307179586]
[0.0, -0.8966410367717269, 0.44275823103229683] [0.0, -0.44275823103229683, -0.8966410367717269] [0.0, 0.0, 0.6283185307179586]
[0.0, -0.8994052515528208, 0.43711576664441326] [0.0, -0.43711576664441326, -0.8994052515528208] [0.0, 0.0, 0.6283185307179586]
[0.0, -0.9021339593546119, 0.4314560456745246] [0.0, -0.4314560456745246, -0.9021339593546119] [0.0, 0.0, 0.6283185307179586]
[0.0, -0.9048270524523885, 0.4257792915587238] [0.0, -0.4257792915587238, -0.9048270524523885] [0.0, 0.0, 0.6283185307179586]
[0.0, -0.9074844245274462, 0.42008572840554315] [0.0, -0.42008572840554315, -0.9074844245274462] [0.0, 0.0, 0.6283185307179586]
[0.0, -0.9101059706712858, 0.41437558098710703] [0.0, -0.41437558098710703, -0.9101059706712858] [0.0, 0.0, 0.6283185307179586]
[0.0, -0.9126915873897544, 0.4086490747302582] [0.0, -0.4086490747302582, -0.9126915873897544] [0.0, 0.0, 0.6283185307179586]
[0.0, -0.9152411726071311, 0.4029064357076583] [0.0, -0.4029064357076583, -0.9152411726071311] [0.0, 0.0, 0.6283185307179586]
[0.0, -0.9177546256701572, 0.39714789062886297] [0.0, -0.39714789062886297, -0.9177546256701572] [0.0, 0.0, 0.6283185307179586]
[0.0, -0.9202318473520095, 0.39137366683137176] [0.0, -0.39137366683137176, -0.9202318473520095] [0.0, 0.0, 0.6283185307179586]
[0.0, -0.9226727398562176, 0.38558399227165313] [0.0, -0.38558399227165313, -0.9226727398562176] [0.0, 0.0, 0.6283185307179586]
[0.0, -0.925077206820525, 0.37977909551614514] [0.0, -0.37977909551614514, -0.925077206820525] [0.0, 0.0, 0.6283185307179586]
[0.0, -0.9274451533206929, 0.3739592057322321] [0.0, -0.3739592057322321, -0.9274451533206929] [0.0, 0.0, 0.6283185307179586]
[0.0, -0.9297764858742483, 0.36812455267919747] [0.0, -0.36812455267919747, -0.9297764858742483] [0.0, 0.0, 0.6283185307179586]
[0.0, -0.9320711124441737, 0.3622753666991533] [0.0, -0.3622753666991533, -0.9320711124441737] [0.0, 0.0, 0.6283185307179586]
[0.0, -0.9343289424425412, 0.3564118787079466] [0.0, -0.3564118787079466, -0.9343289424425412] [0.0, 0.0, 0.6283185307179586]
[0.0, -0.9365498867340885, 0.35053432018604347] [0.0, -0.35053432018604347, -0.9365498867340885] [0.0, 0.0, 0.6283185307179586]
[0.0, -0.9387338576397377, 0.34464292316939027] [0.0, -0.34464292316939027, -0.9387338576397377] [0.0, 0.0, 0.6283185307179586]
[0.0, -0.9408807689400571, 0.3387379202402535] [0.0, -0.3387379202402535, -0.9408807689400571] [0.0, 0.0, 0.6283185307179586]
[0.0, -0.9429905358786648, 0.33281954451803786] [0.0, -0.33281954451803786, -0.9429905358786648] [0.0, 0.0, 0.6283185307179586]
[0.0, -0.9450630751655743, 0.326888029650083] [0.0, -0.326888029650083, -0.9450630751655743] [0.0, 0.0, 0.6283185307179586]
[0.0, -0.9470983049804835, 0.3209436098024395] [0.0, -0.3209436098024395, -0.9470983049804835] [0.0, 0.0, 0.6283185307179586]
[0.0, -0.9490961449760041, 0.3149865196506245] [0.0, -0.3149865196506245, -0.9490961449760041] [0.0, 0.0, 0.6283185307179586]
[0.0, -0.951056516280834, 0.309016994370357] [0.0, -0.309016994370357, -0.951056516280834] [0.0, 0.0, 0.6283185307179586]
[0.0, -0.9529793415028707, 0.30303526962827365] [0.0, -0.30303526962827365, -0.9529793415028707] [0.0, 0.0, 0.6283185307179586]
[0.0, -0.9548645447322668, 0.29704158157262484] [0.0, -0.29704158157262484, -0.9548645447322668] [0.0, 0.0, 0.6283185307179586]
[0.0, -0.9567120515444268, 0.29103616682395217] [0.0, -0.29103616682395217, -0.9567120515444268] [0.0, 0.0, 0.6283185307179586]
[0.0, -0.9585217890029454, 0.28501926246574705] [0.0, -0.28501926246574705, -0.9585217890029454] [0.0, 0.0, 0.6283185307179586]
[0.0, -0.9602936856624863, 0.2789911060350909] [0.0, -0.2789911060350909, -0.9602936856624863] [0.0, 0.0, 0.6283185307179586]
[0.0, -0.9620276715716034, 0.2729519355132778] [0.0, -0.2729519355132778, -0.9620276715716034] [0.0, 0.0, 0.6283185307179586]
[0.0, -0.963723678275502, 0.2669019893164192] [0.0, -0.2669019893164192, -0.963723678275502] [0.0, 0.0, 0.6283185307179586]
[0.0, -0.9653816388187416, 0.26084150628603175] [0.0, -0.26084150628603175, -0.9653816388187416] [0.0, 0.0, 0.6283185307179586]
[0.0, -0.9670014877478789, 0.25477072567960835] [0.0, -0.25477072567960835, -0.9670014877478789] [0.0, 0.0, 0.6283185307179586]
[0.0, -0.9685831611140515, 0.2486898871611725] [0.0, -0.2486898871611725, -0.9685831611140515] [0.0, 0.0, 0.6283185307179586]
[0.0, -0.9701265964755034, 0.2425992307918168] [0.0, -0.2425992307918168, -0.9701265964755034] [0.0, 0.0, 0.6283185307179586]
[0.0, -0.9716317329000491, 0.2364989970202259] [0.0, -0.2364989970202259, -0.9716317329000491] [0.0, 0.0, 0.6283185307179586]
[0.0, -0.97309851096748, 0.23038942667318377] [0.0, -0.23038942667318377, -0.97309851096748] [0.0, 0.0, 0.6283185307179586]
[0.0, -0.9745268727719095, 0.22427076094606646] [0.0, -0.22427076094606646, -0.9745268727719095] [0.0, 0.0, 0.6283185307179586]
[0.0, -0.9759167619240593, 0.21814324139332006] [0.0, -0.21814324139332006, -0.9759167619240593] [0.0, 0.0, 0.6283185307179586]
[0.0, -0.9772681235534854, 0.21200710991892452] [0.0, -0.21200710991892452, -0.9772681235534854] [0.0, 0.0, 0.6283185307179586]
[0.0, -0.9785809043107446, 0.20586260876684367] [0.0, -0.20586260876684367, -0.9785809043107446] [0.0, 0.0, 0.6283185307179586]
[0.0, -0.9798550523695005, 0.19970998051146194] [0.0, -0.19970998051146194, -0.9798550523695005] [0.0, 0.0, 0.6283185307179586]
[0.0, -0.9810905174285696, 0.19354946804800788] [0.0, -0.19354946804800788, -0.9810905174285696] [0.0, 0.0, 0.6283185307179586]
[0.0, -0.9822872507139065, 0.18738131458296506] [0.0, -0.18738131458296506, -0.9822872507139065] [0.0, 0.0, 0.6283185307179586]
[0.0, -0.9834452049805305, 0.18120576362447072] [0.0, -0.18120576362447072, -0.9834452049805305] [0.0, 0.0, 0.6283185307179586]
[0.0, -0.9845643345143896, 0.17502305897270246] [0.0, -0.17502305897270246, -0.9845643345143896] [0.0, 0.0, 0.6283185307179586]
[0.0, -0.9856445951341664, 0.1688334447102534] [0.0, -0.1688334447102534, -0.9856445951341664] [0.0, 0.0, 0.6283185307179586]
[0.0, -0.9866859441930211, 0.16263716519249638] [0.0, -0.16263716519249638, -0.9866859441930211] [0.0, 0.0, 0.6283185307179586]
[0.0, -0.9876883405802761, 0.15643446503793695] [0.0, -0.15643446503793695, -0.9876883405802761] [0.0, 0.0, 0.6283185307179586]
[0.0, -0.9886517447230383, 0.15022558911855657] [0.0, -0.15022558911855657, -0.9886517447230383] [0.0, 0.0, 0.6283185307179586]
[0.0, -0.9895761185877616, 0.14401078255014518] [0.0, -0.14401078255014518, -0.9895761185877616] [0.0, 0.0, 0.6283185307179586]
[0.0, -0.9904614256817489, 0.1377902906826247] [0.0, -0.1377902906826247, -0.9904614256817489] [0.0, 0.0, 0.6283185307179586]
[0.0, -0.9913076310545919, 0.1315643590903628] [0.0, -0.1315643590903628, -0.9913076310545919] [0.0, 0.0, 0.6283185307179586]
[0.0, -0.9921147012995514, 0.12533323356247827] [0.0, -0.12533323356247827, -0.9921147012995514] [0.0, 0.0, 0.6283185307179586]
[0.0, -0.992882604554876, 0.11909716009313759] [0.0, -0.11909716009313759, -0.992882604554876] [0.0, 0.0, 0.6283185307179586]
[0.0, -0.9936113105050601, 0.11285638487184343] [0.0, -0.11285638487184343, -0.9936113105050601] [0.0, 0.0, 0.6283185307179586]
[0.0, -0.9943007903820407, 0.10661115427371562] [0.0, -0.10661115427371562, -0.9943007903820407] [0.0, 0.0, 0.6283185307179586]
[0.0, -0.9949510169663325, 0.10036171484976461] [0.0, -0.10036171484976461, -0.9949510169663325] [0.0, 0.0, 0.6283185307179586]
[0.0, -0.9955619645881035, 0.0941083133171581] [0.0, -0.0941083133171581, -0.9955619645881035] [0.0, 0.0, 0.6283185307179586]
[0.0, -0.9961336091281878, 0.08785119654948108] [0.0, -0.08785119654948108, -0.9961336091281878] [0.0, 0.0, 0.6283185307179586]
[0.0, -0.9966659280190376, 0.08159061156698963] [0.0, -0.08159061156698963, -0.9966659280190376] [0.0, 0.0, 0.6283185307179586]
[0.0, -0.9971589002456147, 0.07532680552685901] [0.0, -0.07532680552685901, -0.9971589002456147] [0.0, 0.0, 0.6283185307179586]
[0.0, -0.9976125063462196, 0.06906002571342636] [0.0, -0.06906002571342636, -0.9976125063462196] [0.0, 0.0, 0.6283185307179586]
[0.0, -0.99802672841326, 0.06279051952842823] [0.0, -0.06279051952842823, -0.99802672841326] [0.0, 0.0, 0.6283185307179586]
[0.0, -0.9984015500939583, 0.05651853448123372] [0.0, -0.05651853448123372, -0.9984015500939583] [0.0, 0.0, 0.6283185307179586]
[0.0, -0.998736956590996, 0.05024431817907312] [0.0, -0.05024431817907312, -0.998736956590996] [0.0, 0.0, 0.6283185307179586]
[0.0, -0.9990329346630992, 0.04396811831726286] [0.0, -0.04396811831726286, -0.9990329346630992] [0.0, 0.0, 0.6283185307179586]
[0.0, -0.9992894726255601, 0.03769018266942691] [0.0, -0.03769018266942691, -0.9992894726255601] [0.0, 0.0, 0.6283185307179586]
[0.0, -0.9995065603506995, 0.03141075907771511] [0.0, -0.03141075907771511, -0.9995065603506995] [0.0, 0.0, 0.6283185307179586]
[0.0, -0.9996841892682656, 0.02513009544301875] [0.0, -0.02513009544301875, -0.9996841892682656] [0.0, 0.0, 0.6283185307179586]
[0.0, -0.9998223523657729, 0.018848439715183914] [0.0, -0.018848439715183914, -0.9998223523657729] [0.0, 0.0, 0.6283185307179586]
[0.0, -0.9999210441887789, 0.012566039883222822] [0.0, -0.012566039883222822, -0.9999210441887789] [0.0, 0.0, 0.6283185307179586]
[0.0, -0.9999802608410994, 0.0062831439655236495] [0.0, -0.0062831439655236495, -0.9999802608410994] [0.0, 0.0, 0.6283185307179586]
[0.0, -0.9999999999849623, 5.918356082990073E-14] [0.0, -5.918356082990073E-14, -0.9999999999849623] [0.0, 0.0, 0.6283185307179586]
[0.0, -0.9999802608411, -0.006283143965405284] [0.0, 0.006283143965405284, -0.9999802608411] [0.0, 0.0, 0.6283185307179586]
[0.0, -0.9999210441887803, -0.012566039883104462] [0.0, 0.012566039883104462, -0.9999210441887803] [0.0, 0.0, 0.6283185307179586]
[0.0, -0.999822352365775, -0.018848439715065564] [0.0, 0.018848439715065564, -0.999822352365775] [0.0, 0.0, 0.6283185307179586]
[0.0, -0.9996841892682684, -0.025130095442900412] [0.0, 0.025130095442900412, -0.9996841892682684] [0.0, 0.0, 0.6283185307179586]
[0.0, -0.999506560350703, -0.031410759077596793] [0.0, 0.031410759077596793, -0.999506560350703] [0.0, 0.0, 0.6283185307179586]
[0.0, -0.9992894726255642, -0.037690182669308625] [0.0, 0.037690182669308625, -0.9992894726255642] [0.0, 0.0, 0.6283185307179586]
[0.0, -0.9990329346631039, -0.043968118317144596] [0.0, 0.043968118317144596, -0.9990329346631039] [0.0, 0.0, 0.6283185307179586]
[0.0, -0.9987369565910015, -0.05024431817895488] [0.0, 0.05024431817895488, -0.9987369565910015] [0.0, 0.0, 0.6283185307179586]
[0.0, -0.9984015500939644, -0.05651853448111552] [0.0, 0.05651853448111552, -0.9984015500939644] [0.0, 0.0, 0.6283185307179586]
[0.0, -0.9980267284132669, -0.06279051952831008] [0.0, 0.06279051952831008, -0.9980267284132669] [0.0, 0.0, 0.6283185307179586]
[0.0, -0.9976125063462272, -0.06906002571330824] [0.0, 0.06906002571330824, -0.9976125063462272] [0.0, 0.0, 0.6283185307179586]
[0.0, -0.9971589002456231, -0.07532680552674095] [0.0, 0.07532680552674095, -0.9971589002456231] [0.0, 0.0, 0.6283185307179586]
[0.0, -0.996665928019047, -0.08159061156687161] [0.0, 0.08159061156687161, -0.996665928019047] [0.0, 0.0, 0.6283185307179586]
[0.0, -0.9961336091281979, -0.08785119654936312] [0.0, 0.08785119654936312, -0.9961336091281979] [0.0, 0.0, 0.6283185307179586]
[0.0, -0.9955619645881145, -0.0941083133170402] [0.0, 0.0941083133170402, -0.9955619645881145] [0.0, 0.0, 0.6283185307179586]
[0.0, -0.9949510169663442, -0.10036171484964677] [0.0, 0.10036171484964677, -0.9949510169663442] [0.0, 0.0, 0.6283185307179586]
[0.0, -0.9943007903820532, -0.10661115427359785] [0.0, 0.10661115427359785, -0.9943007903820532] [0.0, 0.0, 0.6283185307179586]
[0.0, -0.9936113105050735, -0.11285638487172575] [0.0, 0.11285638487172575, -0.9936113105050735] [0.0, 0.0, 0.6283185307179586]
[0.0, -0.9928826045548901, -0.11909716009301999] [0.0, 0.11909716009301999, -0.9928826045548901] [0.0, 0.0, 0.6283185307179586]
[0.0, -0.9921147012995661, -0.12533323356236076] [0.0, 0.12533323356236076, -0.9921147012995661] [0.0, 0.0, 0.6283185307179586]
[0.0, -0.9913076310546074, -0.13156435909024536] [0.0, 0.13156435909024536, -0.9913076310546074] [0.0, 0.0, 0.6283185307179586]
[0.0, -0.9904614256817652, -0.13779029068250737] [0.0, 0.13779029068250737, -0.9904614256817652] [0.0, 0.0, 0.6283185307179586]
[0.0, 0.0, 0.0] [0.0, 0.0, 0.0] [0.0, 0.0, 0.0]
[0.0, 0.0, 0.0] [0.0, 0.0, 0.0] [0.0, 0.0, 0.0]
[719.0, -63.0, 2004.0] [704.0, 264.0, -750.0] [6.0, -76.0, -3.0]
[-443.0, -1781.0, 567.0] [10.0, -514.0, -660.0] [2019.0, 78.0, 743.0]
[-527.0, -1810.0, 588.0] [6.0, -528.0, -682.0] [1809.0, 180.0, 735.0]
[-517.0, -1736.0, 680.0] [-2.0, -486.0, -683.0] [1712.0, 187.0, 725.0]
[-636.0, -1662.0, 486.0] [0.0, -480.0, -692.0] [1690.0, 120.0, 774.0]
[-1023.0, -1569.0, 380.0] [6.0, -462.0, -699.0] [1536.0, -51.0, 763.0]
[-743.0, -1537.0, 446.0] [-16.0, -450.0, -711.0] [1305.0, -418.0, 704.0]
[-710.0, -1469.0, 548.0] [-20.0, -438.0, -725.0] [1251.0, -709.0, 578.0]
[-722.0, -1555.0, 795.0] [-20.0, -428.0, -733.0] [1174.0, -857.0, 521.0]
[-656.0, -1588.0, 1078.0] [-12.0, -414.0, -751.0] [1284.0, -742.0, 538.0]
[-646.0, -1575.0, 1231.0] [-4.0, -410.0, -744.0] [1399.0, -613.0, 583.0]
[-547.0, -1517.0, 1170.0] [-14.0, -382.0, -759.0] [1484.0, -451.0, 672.0]
[-483.0, -1489.0, 1092.0] [-8.0, -368.0, -772.0] [1579.0, -413.0, 714.0]
[-421.0, -1438.0, 1114.0] [-16.0, -356.0, -773.0] [1584.0, -440.0, 849.0]
[-460.0, -1391.0, 1190.0] [-12.0, -326.0, -789.0] [1688.0, -545.0, 935.0]
[-476.0, -1365.0, 1391.0] [-20.0, -320.0, -788.0] [1770.0, -773.0, 960.0]
[-587.0, -1338.0, 1605.0] [-22.0, -306.0, -810.0] [1998.0, -962.0, 950.0]
[-762.0, -1386.0, 1636.0] [-22.0, -278.0, -818.0] [2246.0, -994.0, 940.0]
[-967.0, -1260.0, 1684.0] [-20.0, -244.0, -829.0] [2330.0, -977.0, 1018.0]
[-901.0, -1183.0, 1633.0] [8.0, -230.0, -838.0] [2284.0, -917.0, 1006.0]
[-889.0, -1178.0, 1658.0] [18.0, -208.0, -856.0] [2143.0, -740.0, 959.0]
